10
462 1304
1 2 42
1 6 -19
1 21 0
1 221 -26
1 188 75
1 253 88
2 3 -20
2 7 50
2 8 48
2 9 6
2 11 45
2 25 9
2 29 3
2 32 -28
2 34 25
2 68 34
2 84 46
2 373 16
2 201 -15
2 33 25
2 143 41
2 254 -11
2 437 3
2 109 -29
3 4 6
3 5 43
3 10 55
3 14 52
3 16 -22
3 50 16
3 66 32
3 74 -25
3 398 14
3 226 47
3 218 50
3 397 45
4 41 30
4 67 -11
4 122 19
4 286 62
4 175 80
4 249 32
5 17 32
5 24 44
5 99 32
5 307 41
5 348 21
5 261 76
5 313 -26
5 235 57
5 162 55
5 253 88
5 113 6
5 234 19
5 175 89
6 55 -14
6 75 60
6 317 33
6 74 -1
6 7 -7
7 12 54
7 15 46
7 27 2
7 228 38
7 9 18
7 73 80
8 18 43
8 197 -7
8 431 90
8 61 19
8 410 89
9 31 1
9 47 -13
9 61 29
9 78 28
9 269 28
9 287 -11
9 269 19
9 403 1
9 447 40
9 403 58
9 64 38
9 361 -3
9 178 12
10 43 58
10 54 14
10 71 58
10 109 1
10 128 49
10 342 5
10 254 5
10 267 74
11 181 49
11 210 27
11 438 34
11 187 -7
11 86 1
11 24 -6
12 13 -22
12 19 47
12 22 -8
12 33 25
12 53 -5
12 116 -4
12 156 -5
12 155 85
13 23 -5
13 35 34
13 36 -13
13 119 19
13 98 24
13 68 1
13 398 29
13 300 21
13 74 64
13 300 44
14 28 52
14 60 -13
14 96 52
14 431 2
14 352 80
14 221 46
14 177 23
15 102 7
15 411 49
15 231 68
15 265 1
16 30 31
16 44 -28
16 154 21
16 243 -12
16 282 9
16 304 -20
16 398 76
16 240 -29
16 424 -16
16 403 14
17 56 -5
17 99 49
17 98 -29
17 69 23
18 20 60
18 38 -15
18 75 56
18 112 -8
18 191 -18
18 416 -22
18 186 -10
18 93 -29
19 114 52
19 199 34
20 39 17
20 69 2
20 107 59
20 157 -1
20 168 -1
20 462 32
21 123 52
21 202 -16
21 425 50
22 93 39
22 162 18
22 453 27
22 244 60
22 345 14
22 88 71
23 124 54
24 42 34
24 121 -17
24 203 -12
24 217 -12
24 303 90
24 443 55
24 434 55
25 26 55
25 224 64
25 41 10
25 267 38
25 458 8
25 437 -9
26 323 -12
26 125 -8
26 201 77
26 258 17
26 158 -21
26 96 -23
26 460 5
27 37 -9
27 49 15
27 361 -12
27 111 -18
27 373 22
28 177 31
28 234 54
28 129 57
28 445 -13
29 48 70
29 57 7
29 359 66
30 147 11
30 231 39
30 429 16
31 317 13
31 320 16
31 396 18
31 289 78
32 72 -1
32 171 10
32 236 47
32 115 35
32 311 81
32 332 -22
33 40 9
33 336 33
33 253 87
33 316 7
33 177 22
34 76 -3
34 252 30
34 97 -1
34 378 -9
34 219 75
34 58 -1
34 255 11
34 51 73
35 45 48
35 85 -3
35 137 -17
35 176 47
35 284 34
35 268 50
35 109 74
35 137 19
36 97 49
36 174 47
36 255 1
36 64 -12
36 413 24
37 46 23
37 451 79
37 269 90
37 318 30
37 51 37
37 390 -3
37 56 61
37 188 22
38 58 25
38 182 -28
38 337 -11
38 345 -6
38 230 -6
38 147 -13
38 429 67
38 401 7
39 125 43
39 130 -24
39 213 -29
39 435 -22
39 382 14
39 319 4
40 95 18
40 282 -26
40 235 68
40 389 65
40 190 33
41 52 31
41 73 29
41 173 -12
41 346 22
41 371 21
41 253 29
42 77 16
42 110 16
42 340 30
42 395 -10
42 188 -16
42 305 13
42 191 -13
42 231 25
42 290 80
43 91 -18
43 108 53
43 318 79
43 255 5
43 104 71
43 138 89
43 414 -11
44 148 0
44 306 25
44 354 82
45 48 -20
45 62 20
45 92 -9
45 247 -6
45 213 63
45 347 0
45 418 39
46 88 2
46 158 39
46 360 34
46 79 89
47 226 7
47 375 37
47 257 86
47 258 -4
48 266 30
48 50 -1
49 63 26
49 94 26
49 314 -17
49 245 65
49 162 41
49 249 73
49 458 31
49 343 6
50 51 -14
50 64 50
50 101 -29
50 205 46
50 270 31
50 160 57
50 297 -3
50 309 -20
50 68 57
51 87 59
51 370 -12
51 65 44
51 64 53
51 221 76
51 205 7
52 112 55
52 163 44
52 346 76
52 438 9
52 150 70
52 253 75
52 442 67
53 57 27
53 80 48
53 145 42
53 324 -15
53 413 73
53 328 28
54 86 -28
54 231 3
54 367 70
54 391 -27
54 290 5
54 452 72
55 59 5
55 65 -18
55 104 58
55 127 -26
55 85 48
55 182 -4
55 71 8
55 72 87
56 368 14
56 166 -26
57 117 26
57 166 51
57 194 21
57 148 19
58 144 -29
58 72 75
58 387 10
58 113 70
58 270 85
58 192 50
58 116 62
58 182 51
59 70 -13
59 89 24
59 315 44
59 65 39
59 178 -9
59 250 14
60 422 -25
60 197 49
60 147 89
60 228 -15
60 432 16
61 82 -2
61 378 85
61 181 74
61 127 79
62 111 56
62 169 -26
62 117 -1
62 189 60
62 70 61
63 81 30
63 251 -14
63 214 86
63 74 69
63 414 -11
64 153 -7
64 189 66
65 155 -1
65 260 27
65 456 45
65 381 8
66 294 36
66 153 -23
66 414 87
67 408 -6
67 320 15
67 193 4
68 100 39
68 208 -25
68 218 26
68 237 -6
68 365 11
68 261 65
68 95 87
68 253 66
68 273 87
68 429 19
68 266 26
68 433 -20
68 69 24
68 216 34
69 299 12
69 365 72
69 425 -22
69 369 71
69 78 21
70 79 36
70 131 61
70 279 45
70 357 37
70 371 58
70 401 29
70 158 70
71 442 -28
71 312 58
71 414 3
72 185 58
72 301 2
72 381 54
72 365 48
72 355 20
72 338 -22
72 382 -11
73 435 -15
73 82 3
73 144 -18
73 209 89
73 157 55
74 126 -8
74 274 7
74 363 53
74 286 72
74 198 21
74 191 69
75 233 38
75 161 3
76 219 -18
76 354 -13
76 188 59
77 215 42
77 414 33
77 133 -4
77 133 -2
78 83 -1
78 348 5
78 250 61
78 368 -15
78 130 27
78 381 40
78 388 30
79 196 43
79 250 -4
79 168 -11
79 347 35
80 142 75
80 287 75
80 324 78
81 98 51
81 374 59
81 306 -8
81 398 31
82 394 -1
82 161 83
82 439 -27
83 105 33
83 435 52
83 157 -18
83 428 6
83 354 64
83 151 -4
83 313 84
83 421 88
83 146 70
83 120 49
83 129 46
84 90 -4
84 198 42
84 216 39
84 205 28
85 146 30
85 405 28
85 251 -29
86 103 -6
86 178 23
86 455 90
86 267 65
86 437 8
86 296 -20
86 181 75
87 138 -11
87 164 49
88 113 62
88 402 24
88 286 -1
88 421 43
88 137 40
88 368 43
88 288 -25
89 152 -7
89 175 40
89 411 -12
89 307 -8
89 243 -28
90 161 48
90 214 -11
90 256 -23
90 262 44
91 416 57
91 174 -14
91 188 11
92 167 36
93 392 8
93 329 40
94 275 29
94 302 -8
94 143 39
95 258 62
95 357 20
95 218 6
96 136 50
96 195 20
96 292 23
96 399 21
96 270 75
96 223 -15
96 104 44
97 225 -24
97 258 -23
98 141 52
98 258 48
98 268 33
98 345 29
98 293 23
98 449 68
98 426 75
98 367 5
99 194 2
99 290 -22
99 348 76
99 233 17
100 325 31
100 343 -13
100 132 18
100 120 1
100 369 -24
101 166 45
101 211 73
101 364 82
101 246 84
101 211 -28
102 266 41
102 305 -1
102 328 75
102 419 25
103 159 -19
103 209 59
103 246 17
103 253 -27
103 149 40
103 296 71
103 276 24
103 210 -18
104 106 0
104 133 40
104 163 86
104 246 37
104 129 12
104 178 15
105 383 48
105 315 9
105 223 86
105 328 35
105 158 11
106 462 49
106 283 77
106 174 42
106 338 28
106 344 -25
106 380 -7
106 201 2
107 118 62
107 139 1
107 220 25
107 341 -22
107 299 51
108 115 -5
108 143 15
108 326 7
108 377 36
108 428 -16
108 356 84
108 394 70
109 447 15
109 287 35
110 150 13
110 318 -7
110 441 22
110 269 8
110 142 41
110 185 58
110 281 70
110 405 12
111 316 46
111 376 38
111 410 -5
111 358 55
112 170 31
112 179 49
112 261 56
112 309 53
112 359 -26
112 131 -13
112 311 -2
112 438 64
113 129 13
113 225 37
113 351 62
113 249 30
113 139 -7
113 412 40
115 254 -23
115 391 36
116 272 -9
116 378 2
116 253 66
116 366 37
116 166 36
116 305 18
117 142 12
117 285 55
117 311 -12
117 448 16
117 337 77
118 120 56
118 149 -10
118 429 53
118 331 74
118 224 88
120 151 -24
120 342 48
120 281 76
120 427 48
121 190 -2
121 201 -19
121 189 64
121 261 63
122 295 4
122 295 63
122 158 31
122 133 57
122 275 2
122 260 86
122 418 29
123 321 32
124 135 -19
124 178 19
125 285 66
125 188 58
125 264 25
125 314 53
125 150 -15
126 308 -12
126 426 88
126 245 46
126 211 74
127 132 54
127 135 53
127 242 -10
127 255 35
127 388 53
127 245 66
128 230 33
128 433 6
128 368 -26
128 252 70
128 231 -20
129 232 38
129 141 76
129 136 62
129 444 49
129 352 -24
129 297 77
130 250 57
131 140 28
131 461 32
131 215 -18
131 405 2
131 426 36
131 321 -27
132 252 -1
132 227 82
132 368 32
133 134 20
133 214 33
133 328 44
134 189 22
134 206 16
134 248 -9
134 366 5
134 362 -28
135 303 40
135 196 3
135 244 4
135 427 28
136 401 42
136 417 -4
136 158 -1
136 195 67
136 161 73
137 418 29
137 291 18
137 207 86
137 296 81
137 193 27
137 240 88
137 271 89
138 186 26
138 267 50
138 389 -5
138 450 -16
138 268 -6
138 266 50
139 297 -29
139 455 -14
139 153 44
140 200 -16
140 304 53
140 350 23
140 292 12
140 441 31
141 287 38
141 413 40
141 177 73
141 330 22
143 160 -14
143 188 13
143 273 34
143 454 28
143 400 59
144 194 43
144 205 66
144 210 48
144 448 18
145 399 24
145 349 -22
145 262 3
145 183 -19
145 254 85
146 240 26
146 296 43
146 317 58
147 193 -4
147 343 27
147 342 85
148 452 -21
148 294 48
148 279 75
149 290 -20
149 282 36
150 259 4
150 351 89
150 428 18
150 150 58
150 171 37
150 241 -12
151 430 -24
151 293 17
151 348 59
152 172 -12
152 184 23
153 268 -23
153 282 8
154 277 55
154 428 27
154 408 -18
155 183 27
155 248 30
155 225 51
155 447 -18
155 345 78
156 298 -5
156 223 6
156 426 65
156 427 44
157 249 -19
157 304 59
157 158 74
157 336 41
157 348 -24
158 227 6
158 340 20
158 440 52
160 165 53
160 204 -13
160 165 43
160 272 -16
160 370 24
161 310 -27
161 339 51
161 427 -19
161 446 42
161 268 59
161 348 49
162 419 18
162 437 -1
162 215 -13
162 234 37
163 223 45
163 398 -8
164 187 52
164 451 42
165 192 52
165 393 44
166 212 -7
166 312 -26
166 413 24
166 253 34
166 460 37
167 370 67
168 240 20
168 270 45
168 358 73
169 216 57
169 227 53
169 441 43
169 254 77
169 331 -12
169 246 2
169 214 39
170 461 -13
170 223 -26
171 180 -12
171 224 50
171 355 21
171 364 41
171 438 81
172 293 60
172 240 -28
172 286 -27
172 393 50
172 426 -10
172 216 12
173 217 13
173 317 42
173 368 88
174 353 4
174 412 50
174 421 49
174 246 -2
174 177 86
175 211 -22
175 415 11
176 368 32
177 354 49
178 448 57
178 290 -12
178 459 79
178 265 14
178 418 79
179 388 -11
179 337 74
179 190 20
180 312 51
180 309 31
181 382 54
183 191 19
183 372 59
183 205 46
183 213 51
183 388 49
183 413 50
184 242 68
185 397 30
185 216 32
185 294 78
185 291 47
186 249 15
187 245 43
187 265 15
187 410 84
187 261 10
187 451 -8
188 458 53
188 250 -8
189 322 44
189 342 -29
189 270 67
189 346 85
190 438 -19
190 278 0
190 288 33
191 288 35
191 278 28
191 197 43
191 310 48
192 344 -23
192 400 13
193 278 52
194 207 33
194 388 71
194 244 32
194 214 87
195 244 -2
195 241 70
196 314 2
197 231 68
197 326 -23
199 229 40
199 383 -20
199 393 84
199 267 -21
200 457 61
200 257 45
201 261 67
202 335 75
203 424 44
203 298 25
203 376 -27
203 277 50
204 313 44
204 273 74
204 234 49
204 292 77
205 404 26
206 390 6
206 452 22
207 296 -6
207 229 56
207 392 46
207 425 61
208 302 18
208 294 61
208 448 66
208 297 20
208 437 53
208 247 69
208 388 31
208 380 55
209 332 25
209 336 -5
209 460 40
209 461 59
210 311 13
211 352 -27
211 247 88
211 255 -29
212 267 33
213 389 34
215 363 67
215 383 14
215 245 -18
215 276 64
215 412 -19
216 235 15
216 289 10
216 387 -14
217 222 34
217 433 21
218 361 5
218 376 -25
218 278 -22
219 357 -27
219 401 58
219 288 57
219 295 -6
219 281 5
220 387 21
220 456 1
220 454 73
221 366 -10
221 305 8
221 253 82
221 419 32
221 289 31
222 247 -29
222 334 34
222 274 -8
222 303 -23
223 458 46
223 264 78
223 415 19
224 288 27
224 286 51
225 257 70
225 228 14
225 225 53
225 230 -29
226 441 13
226 280 35
226 399 -3
227 424 36
228 315 17
228 290 73
228 451 60
228 324 26
228 347 54
229 264 -9
229 350 58
229 307 -25
229 288 71
229 417 51
230 425 -1
230 265 -11
232 239 9
232 453 -15
233 288 26
234 241 -3
234 310 9
235 336 71
236 238 -28
236 384 16
236 264 14
236 371 -16
236 353 71
237 281 7
237 455 24
237 393 77
237 363 72
237 259 24
238 280 62
238 431 3
239 401 25
239 296 59
239 264 -16
240 300 3
240 423 6
240 289 -6
241 257 11
241 443 -25
241 339 -9
241 378 -29
241 413 58
242 345 54
243 276 -29
243 253 27
243 252 63
243 310 44
245 455 2
246 358 -25
246 379 73
248 384 24
249 423 38
250 418 74
250 422 89
251 328 47
251 369 23
251 265 -18
251 286 22
251 276 17
253 430 -1
253 266 -10
253 335 75
254 296 30
254 356 32
254 331 50
255 263 12
255 410 8
256 271 52
256 342 -13
256 320 45
257 426 -29
259 338 7
259 261 45
259 417 31
259 299 86
260 321 64
261 407 10
263 301 41
263 433 72
264 291 -20
264 439 75
264 440 72
265 407 -25
265 269 61
266 370 43
266 420 88
268 403 46
268 318 33
268 347 -28
268 325 30
269 417 32
270 387 -12
270 273 75
272 345 89
272 407 -25
273 404 10
274 458 19
276 365 85
276 430 52
276 448 29
276 379 52
276 431 -19
277 393 30
277 284 12
277 454 -19
277 443 41
277 330 -29
278 367 41
278 404 26
279 283 27
279 386 -16
279 411 -7
279 434 30
279 455 49
280 356 66
281 329 35
281 347 29
281 417 51
282 412 9
283 379 -20
284 311 -9
285 409 -24
285 314 21
285 342 -20
285 419 68
286 370 0
287 454 49
287 455 20
288 295 -9
289 436 43
289 407 -22
289 319 59
290 319 -8
290 390 -11
290 352 -17
290 360 -24
291 313 48
291 328 28
291 393 74
291 460 1
292 379 48
293 441 47
294 349 -25
294 432 19
296 414 86
297 333 24
299 365 60
301 330 -27
301 366 11
301 310 37
302 334 -25
302 428 24
302 318 56
303 335 1
304 364 81
304 356 -16
305 333 21
307 434 51
307 444 3
308 412 23
309 331 40
309 396 -12
310 379 58
310 311 56
311 461 79
312 440 34
312 390 41
312 432 25
315 396 65
316 393 54
317 318 -21
318 329 31
318 348 46
318 367 -14
319 388 75
320 428 15
321 360 88
322 390 0
324 380 73
325 327 45
325 393 58
326 347 21
327 431 89
327 406 2
327 352 73
327 423 33
327 366 42
328 354 31
328 333 21
328 458 62
329 335 29
329 340 26
329 404 85
331 445 58
331 440 -22
332 440 -1
332 347 69
333 359 15
333 391 -23
334 350 8
335 382 56
336 415 -7
336 350 54
336 373 77
336 350 46
337 421 22
338 423 -20
338 462 26
338 432 74
338 361 56
343 458 89
343 436 -17
344 356 -29
344 407 71
347 458 -24
348 361 2
349 417 -10
351 376 74
353 422 -7
353 359 15
353 415 58
354 385 81
354 418 5
355 455 59
355 378 43
355 377 -13
356 412 71
357 380 54
357 441 7
357 431 5
358 436 90
359 371 37
360 362 -14
360 445 42
361 396 66
363 454 -13
363 420 46
363 388 89
364 460 -25
364 405 67
364 411 5
366 398 -8
368 395 -14
371 456 79
374 406 -27
375 407 5
376 411 90
377 385 -19
378 388 38
380 432 45
380 387 -28
380 425 19
381 416 21
382 450 83
384 436 47
385 406 29
385 429 -19
385 455 8
387 420 32
387 399 -26
389 432 30
391 417 71
391 400 62
393 451 6
394 439 6
396 406 -25
400 450 25
400 418 15
402 442 -14
405 418 3
406 462 44
407 434 83
407 433 -15
409 434 24
411 424 75
411 419 -23
412 423 30
416 452 31
417 444 77
424 437 22
425 447 -10
426 437 65
426 455 73
428 451 8
428 440 -6
431 446 36
432 449 19
434 457 3
434 436 72
437 449 -3
439 449 54
443 451 21
454 459 54
271 1302
1 2 9
1 4 16
1 6 -28
1 9 20
1 158 -5
1 252 15
1 207 -19
1 81 86
1 8 16
1 193 14
2 3 -26
2 10 -7
2 11 3
2 101 15
2 156 -28
2 258 40
2 87 -27
2 148 85
2 158 50
2 195 -9
2 120 -16
2 110 28
2 39 74
2 201 -11
2 139 -25
2 256 66
2 270 43
3 46 -8
3 39 26
3 267 33
3 87 37
3 154 -9
3 87 3
3 124 36
3 132 69
3 245 56
3 233 -12
3 152 15
4 5 27
4 12 -19
4 131 78
4 190 52
4 147 -10
4 59 65
5 23 25
5 36 10
5 155 6
5 257 27
5 87 56
5 246 21
5 128 -26
5 271 51
5 160 57
5 214 6
6 7 26
6 14 -23
6 21 -13
6 29 -2
6 124 -22
6 131 -20
6 269 19
6 219 -12
6 112 49
6 96 -19
6 17 22
6 150 25
6 19 51
6 30 -20
6 10 68
7 8 15
7 15 -4
7 17 -13
7 194 2
7 38 -7
7 216 -28
7 251 89
7 151 46
7 103 35
7 186 8
7 157 -27
7 136 77
8 16 -25
8 25 -21
8 48 -18
8 74 -8
8 125 42
8 254 -19
8 56 75
8 183 44
8 219 -22
8 266 -15
8 254 77
8 72 77
8 184 3
8 107 39
8 166 -4
8 129 -3
9 33 -24
9 59 5
9 72 -24
9 84 -17
9 254 17
9 173 -6
9 232 -15
9 211 -14
9 208 62
9 41 61
10 32 26
10 94 5
10 213 5
10 196 27
10 182 10
10 127 31
10 35 2
10 99 71
10 208 -26
11 13 -9
11 26 -7
11 161 26
11 165 21
11 76 60
11 44 48
11 62 20
11 37 58
11 196 75
11 119 22
12 19 -7
12 31 -8
12 45 -1
12 62 -4
12 128 5
12 146 -6
12 208 85
12 153 -11
12 22 74
12 209 26
12 256 47
12 256 60
12 136 80
12 193 23
13 18 6
13 77 12
13 113 -14
13 259 -21
13 73 -25
13 37 4
13 133 57
13 147 -9
13 37 47
13 262 -5
13 83 57
13 105 38
13 60 59
14 65 15
14 185 20
14 31 -27
14 108 51
14 197 53
14 36 13
14 49 62
14 219 3
14 49 45
14 70 72
14 48 -25
15 20 12
15 52 10
15 57 -21
15 109 4
15 193 -13
15 72 -7
15 149 33
16 43 12
16 50 3
16 164 25
16 145 84
16 233 52
16 215 83
16 199 14
16 246 39
17 34 -1
17 51 10
17 90 66
17 126 90
17 106 -22
17 66 -25
17 132 30
17 206 81
17 113 -19
17 165 22
17 109 90
18 80 24
18 86 22
18 149 5
18 167 6
18 169 -27
18 228 -1
18 155 -11
18 238 72
18 220 29
18 124 41
18 30 -16
18 239 18
18 43 23
18 209 21
18 266 70
18 121 33
19 40 18
19 226 21
19 99 53
19 63 -20
19 81 26
19 50 53
19 109 -16
19 180 32
19 89 51
20 22 -1
20 24 -29
20 73 19
20 150 35
20 85 -13
20 142 13
20 224 -15
20 66 63
20 175 40
20 43 63
20 178 45
21 28 4
21 53 -25
21 54 0
21 122 -3
21 134 87
21 102 14
21 97 22
21 206 20
21 205 38
21 258 60
22 92 -21
22 93 17
22 212 86
22 156 -10
22 248 84
22 203 47
23 39 17
23 71 2
23 121 69
23 157 -10
23 159 -8
23 100 23
24 27 2
24 155 15
24 194 -6
24 242 85
24 196 80
24 151 60
24 154 82
24 28 26
24 256 21
24 176 -23
24 269 12
25 30 -1
25 105 13
25 95 -5
25 179 -11
25 184 42
25 178 -17
25 94 23
25 240 88
25 152 85
25 220 9
25 86 -19
26 49 6
26 110 88
26 231 -29
26 79 32
26 117 -22
26 267 90
26 117 -10
27 47 -8
27 84 79
27 203 21
27 114 -2
27 162 48
27 129 6
28 114 10
28 187 57
28 212 10
28 194 4
28 174 -8
28 246 67
28 156 39
28 218 73
29 35 26
29 65 65
29 138 -11
29 251 -26
29 52 54
29 82 1
29 196 78
29 159 -2
29 200 -25
30 104 9
30 232 88
30 228 -17
30 74 32
30 43 -11
31 38 1
31 138 20
31 171 19
31 218 11
31 265 47
31 48 27
31 79 5
31 193 -17
31 57 60
32 75 -27
32 248 -18
32 80 17
32 62 42
32 233 88
32 116 82
32 76 -15
32 270 47
32 269 83
32 58 11
32 224 -28
33 44 -21
33 224 9
33 230 -29
33 96 -29
33 69 -19
33 139 1
33 69 86
33 59 46
33 161 73
33 182 -7
33 237 -2
34 82 18
34 93 20
34 193 85
34 177 34
34 154 -3
34 55 -5
34 107 0
34 83 29
34 182 86
34 116 10
35 178 10
35 261 -23
35 229 -27
35 215 48
35 116 37
35 185 -17
35 259 69
36 37 26
36 56 22
36 150 76
36 221 -7
36 147 2
36 41 81
36 237 25
36 141 -17
36 165 37
36 36 61
37 41 -14
37 61 -14
37 63 -2
37 195 26
37 181 75
37 38 21
37 259 90
37 162 88
37 65 72
38 42 -19
38 106 -23
38 116 -19
38 120 20
38 234 -14
38 242 -10
38 56 62
38 182 64
38 157 -15
38 71 54
38 64 83
38 149 -17
39 150 -4
39 192 0
39 213 58
39 226 28
40 55 -3
40 117 -7
40 186 -19
40 265 8
40 263 75
40 123 81
40 57 -7
40 43 40
40 197 33
40 238 71
40 68 60
40 152 69
40 176 75
40 169 -20
40 256 21
40 106 -10
40 230 74
40 161 74
41 198 10
41 94 74
41 208 50
41 194 66
41 80 29
41 261 -4
41 203 74
42 95 11
42 205 8
42 147 55
42 70 69
42 134 -25
43 88 4
43 270 -29
43 170 80
43 155 49
43 205 28
43 148 -20
43 258 47
43 240 6
43 205 19
43 263 -2
43 262 -27
43 64 -15
44 191 27
44 219 -1
44 99 7
44 89 63
44 179 -11
44 192 74
44 55 2
44 58 9
44 150 69
45 154 25
45 238 21
45 88 29
45 122 20
45 190 41
46 64 25
46 231 18
46 223 45
46 60 -17
46 165 -2
46 68 9
46 211 83
46 51 36
47 60 10
47 153 -22
47 171 18
47 206 -25
47 259 31
47 238 -26
47 188 2
48 83 23
48 98 -27
48 102 -10
48 110 6
48 59 76
48 112 19
48 61 26
48 129 37
48 266 69
48 248 86
48 62 17
48 224 -17
48 202 43
48 115 47
48 230 41
49 67 -6
49 227 -24
49 262 -7
49 267 3
49 145 -22
49 83 75
49 133 73
49 83 77
49 129 61
49 128 73
49 261 19
49 154 79
50 58 27
50 93 9
50 182 49
50 173 20
51 91 -8
51 72 -11
51 152 -11
51 119 5
51 145 -21
52 193 53
52 97 63
52 74 52
52 132 73
52 209 25
52 183 -12
53 142 -22
53 245 -3
53 257 3
53 207 19
53 75 23
53 215 25
53 233 23
53 129 -21
54 125 -17
54 147 -26
54 94 1
54 77 -23
54 147 60
54 154 4
55 96 9
55 258 -1
55 219 72
55 81 65
55 177 6
55 58 -22
55 139 -18
56 69 21
56 70 11
56 145 1
56 143 44
56 131 71
56 177 17
56 245 42
56 147 -7
56 219 15
56 271 86
56 104 -18
57 232 76
57 149 -14
57 85 36
58 76 4
58 123 -17
58 190 10
58 247 28
58 234 55
58 259 28
58 191 5
58 111 67
58 103 35
58 66 12
58 242 68
59 81 6
59 87 -21
59 99 -8
59 271 51
59 75 -24
59 211 67
59 230 15
59 124 -8
59 114 9
59 116 27
59 94 -10
59 223 75
60 68 55
60 232 58
60 148 -11
60 63 45
60 190 74
61 219 26
61 255 -15
61 113 20
61 254 52
61 268 45
61 224 89
61 208 13
61 129 27
61 237 -18
62 68 -28
62 85 -24
62 159 22
62 85 -4
62 231 68
62 259 -13
62 115 62
62 257 72
62 209 68
62 129 79
63 202 -4
63 99 32
63 100 17
63 260 -11
64 79 12
64 112 14
64 244 -5
64 75 65
64 213 51
64 244 -21
64 180 71
65 66 26
65 76 73
65 171 34
65 185 55
65 205 6
65 255 69
65 223 89
65 248 2
66 240 -11
66 150 37
66 115 -29
66 80 27
66 266 46
66 218 -14
66 215 18
66 74 63
67 210 -21
67 174 59
67 137 42
67 105 10
67 178 3
68 89 -10
68 69 8
68 194 58
68 162 8
69 174 4
69 194 53
69 189 50
69 225 -28
69 78 47
69 256 79
69 268 7
70 134 -11
70 187 -17
70 175 32
70 182 20
71 78 -17
71 121 7
71 234 68
71 229 78
71 240 -28
72 130 -1
72 153 -7
72 102 59
72 144 73
72 271 25
72 99 58
72 146 86
72 79 41
72 250 -24
72 193 64
72 133 17
72 157 22
73 108 -15
73 211 -7
73 175 32
73 184 32
73 269 59
73 163 28
73 204 23
73 239 30
74 179 -3
74 115 12
74 218 -29
74 117 62
74 238 16
74 262 31
75 107 9
75 258 47
75 229 18
75 211 33
75 256 35
75 244 22
75 112 -13
75 262 1
75 134 -10
75 194 33
76 115 -10
76 132 -4
76 270 89
76 232 -23
76 128 51
76 174 -21
77 225 11
77 268 -8
77 123 43
77 203 -18
77 137 31
77 175 -22
77 211 81
77 211 -20
77 227 82
78 152 30
78 262 45
78 154 31
78 233 -20
78 148 51
78 135 46
78 193 3
78 266 -28
79 252 18
79 110 11
79 136 13
79 186 2
79 228 -5
79 220 -6
80 118 10
80 141 6
80 251 -27
80 89 -16
80 152 35
80 99 54
80 222 27
80 144 87
80 192 13
81 90 -10
81 219 71
81 176 32
81 239 81
81 258 17
81 122 43
81 243 23
82 163 11
82 123 -11
82 190 -6
82 129 6
83 97 9
83 157 -25
83 127 -1
83 106 -25
84 188 34
84 104 66
84 271 11
84 117 -9
85 136 24
85 239 65
85 256 12
85 245 10
85 250 35
85 264 62
85 160 6
85 268 42
85 189 69
85 140 10
86 180 -17
86 261 9
86 118 38
86 148 0
86 132 4
86 257 -9
86 119 17
86 114 5
87 244 -10
87 109 76
87 153 6
87 191 84
87 234 54
87 256 78
87 183 16
88 204 23
88 235 55
88 171 81
88 108 34
88 208 87
88 152 7
88 224 73
88 148 57
89 111 22
89 160 -17
89 125 63
89 243 66
89 219 55
89 244 24
89 129 22
89 247 8
89 233 50
90 126 22
90 212 5
90 266 52
90 187 39
90 264 45
90 161 -7
90 249 24
90 199 9
90 222 29
90 114 8
90 92 -2
90 247 -1
91 206 1
91 241 18
91 262 49
91 214 85
91 210 56
92 247 16
92 141 22
92 129 52
92 94 -21
92 128 28
92 146 -22
92 124 37
92 188 35
93 205 10
93 119 10
93 137 -23
93 241 28
93 126 85
94 141 30
94 107 -18
94 192 59
95 137 -3
95 140 -5
95 211 68
95 99 -11
95 220 22
96 208 -8
96 233 -18
96 235 44
96 165 2
96 253 36
96 138 50
96 256 73
96 239 26
97 254 -23
97 199 -1
97 196 0
97 144 58
97 126 70
97 252 -4
98 168 -20
98 238 25
98 122 22
98 166 53
98 206 39
98 260 -10
98 115 -12
98 208 4
99 100 -17
99 139 -22
99 229 -29
99 268 89
99 101 38
99 259 61
99 262 77
99 196 28
100 170 -9
100 169 68
100 221 62
100 173 84
100 162 6
100 212 -29
100 264 58
101 135 26
101 217 -16
101 269 42
101 177 -19
101 179 88
101 139 53
101 199 76
101 219 -23
101 260 16
101 244 -4
102 103 16
102 261 5
102 215 59
102 109 68
102 271 16
102 165 11
103 270 23
103 231 -5
103 119 15
103 129 8
103 155 26
103 107 70
104 215 13
104 210 1
104 236 -17
104 236 82
105 119 22
105 122 -4
105 127 6
105 262 61
105 245 85
105 267 22
105 256 21
105 245 -17
106 208 9
106 199 -17
106 117 64
106 175 -9
107 162 -14
107 182 -11
107 134 47
107 170 77
107 161 11
107 223 8
108 196 -22
108 213 -21
108 110 14
108 256 85
108 136 58
109 133 26
109 250 -28
109 220 0
109 184 34
109 173 5
110 159 -24
110 209 -16
110 160 -27
110 148 57
110 173 -22
111 207 -15
111 115 -26
111 165 61
112 129 -14
112 171 38
112 270 81
112 165 24
112 254 57
113 143 5
113 138 58
113 115 73
113 158 73
113 262 34
113 208 16
114 239 -10
114 185 -15
115 233 6
115 132 79
115 221 87
116 263 12
116 125 1
116 156 69
117 167 49
117 151 48
117 178 -28
118 173 -3
118 238 -29
118 164 -19
118 192 -16
119 154 -18
119 172 -22
119 232 -16
119 160 69
120 254 22
120 265 12
120 243 0
121 223 -21
121 231 15
121 252 76
121 201 -16
122 218 -13
122 211 -18
122 124 48
122 193 12
123 140 1
123 126 88
123 192 -29
123 190 69
124 217 26
124 142 28
124 127 -27
124 185 55
124 212 77
124 178 36
124 149 53
124 268 9
125 217 29
125 189 -29
125 171 -17
125 263 10
126 221 -12
126 138 34
126 140 -8
126 150 46
127 209 19
127 192 59
128 133 23
128 251 -5
128 222 1
128 237 39
129 203 9
129 216 15
129 255 17
129 164 78
129 216 -11
129 191 83
129 156 10
129 215 11
130 184 5
130 177 23
130 161 87
130 166 65
130 157 50
130 253 44
130 216 16
130 136 71
131 172 22
131 266 -11
131 151 34
131 132 29
132 142 69
132 205 4
132 157 80
132 252 27
132 194 -27
133 142 9
133 223 -19
133 185 -21
133 189 15
133 216 70
134 248 21
134 242 -6
134 209 49
134 241 -16
135 144 1
135 246 -25
135 189 5
136 159 -12
136 150 4
136 254 -9
136 267 77
136 202 19
137 148 27
137 138 57
137 257 -25
137 219 81
138 245 -21
138 204 -6
138 140 45
138 224 6
139 152 -25
139 248 19
139 195 -11
140 237 -17
140 248 87
140 234 75
140 180 54
141 263 12
142 181 17
142 227 -1
142 168 21
142 149 83
143 257 -10
143 255 79
143 157 19
143 156 52
143 241 -4
144 151 25
144 234 60
145 185 51
145 158 8
145 209 58
145 242 20
145 249 75
146 206 23
146 195 42
146 238 -11
146 221 77
146 269 -10
146 249 -18
146 187 26
147 222 -16
147 258 73
147 264 21
147 258 -6
148 197 0
148 182 -7
148 241 59
148 148 -23
148 246 79
149 193 90
149 168 76
149 210 67
149 201 -16
149 193 33
149 271 64
150 229 79
150 265 44
151 176 23
151 260 -10
151 232 36
151 270 58
151 248 76
152 209 -18
152 156 -29
152 262 58
152 268 37
152 265 -8
152 165 -29
153 236 16
153 266 68
153 229 23
153 264 90
153 256 71
153 226 -3
153 257 9
154 155 11
154 178 48
154 182 17
155 215 -29
155 260 85
155 256 40
155 175 51
156 256 -9
156 246 12
156 254 18
157 165 82
158 266 39
158 268 89
159 177 13
159 262 87
160 254 38
160 219 -14
161 216 -24
161 242 52
161 248 53
162 175 -12
162 224 72
162 191 68
163 189 -26
163 239 -24
163 227 -24
163 236 -17
164 166 24
164 168 26
164 218 59
164 191 89
164 225 82
164 238 -26
165 199 2
165 200 -4
165 210 32
166 178 -8
166 213 9
167 214 12
167 212 29
168 203 90
168 228 39
168 269 68
169 188 22
169 267 -25
169 183 81
170 183 24
170 220 -22
170 236 -14
170 230 52
171 175 24
172 240 14
172 213 -25
172 267 17
172 189 28
173 258 -15
173 205 47
173 197 44
173 251 45
174 201 -4
174 210 3
174 188 15
175 217 -26
175 247 -6
175 224 58
176 201 -21
176 228 11
176 221 85
177 205 -16
177 228 -12
177 203 77
177 251 37
177 265 34
178 235 17
178 184 13
178 206 8
179 226 4
180 228 50
180 216 7
180 193 -27
180 211 31
180 254 -11
180 229 -27
181 261 -11
182 195 11
182 194 49
182 266 -18
183 258 37
183 236 -17
183 218 9
184 249 1
184 249 17
185 213 75
186 193 55
186 234 -11
187 248 72
187 250 70
188 201 88
188 190 25
190 231 81
190 231 66
190 233 -12
191 222 -29
193 232 -2
193 268 66
195 271 12
197 258 -14
197 201 65
197 230 -27
198 268 44
198 203 50
198 211 84
199 212 -27
199 265 38
199 250 38
199 246 31
200 213 24
200 271 4
202 229 23
202 255 -10
202 243 -22
202 204 64
202 226 39
202 259 -10
203 213 -26
203 262 12
203 234 59
204 221 86
204 235 -9
206 257 -1
206 219 42
206 263 20
206 207 8
207 238 40
207 226 -25
207 249 -9
207 221 -22
208 229 26
208 235 21
208 238 49
208 234 65
209 217 -6
210 267 23
210 243 90
211 224 -15
211 240 50
211 258 28
212 228 90
213 244 57
213 264 48
213 248 6
213 228 -25
214 254 13
216 224 78
217 263 -15
217 265 0
217 250 6
218 258 81
219 233 -2
219 236 72
220 248 0
220 238 82
220 259 42
221 250 1
221 264 57
221 254 40
222 223 -18
222 227 35
223 236 83
223 248 -27
224 229 -8
224 226 85
224 250 87
225 255 21
225 262 77
226 254 17
226 266 -25
227 253 -11
227 230 -29
231 270 40
231 253 71
232 245 -16
232 244 45
233 248 86
234 259 73
234 239 63
236 258 -26
237 269 7
238 250 56
240 247 37
241 271 -8
241 256 -10
242 243 -16
242 252 11
244 256 45
245 254 48
246 260 54
247 266 65
247 259 9
247 259 1
247 247 71
248 266 18
251 270 66
253 266 -27
254 258 58
256 261 80
257 259 26
258 262 30
258 259 46
261 264 6
263 269 48
269 271 52
591 592
1 2 6
1 5 36
1 13 21
1 115 19
2 3 34
2 8 19
2 9 28
2 24 -5
2 85 -29
2 486 -15
2 500 -2
3 4 40
3 12 27
3 20 4
3 36 -5
4 6 -24
4 7 -25
4 25 10
4 63 19
4 180 23
4 216 18
4 243 3
5 14 24
5 15 6
5 17 -26
5 18 38
5 26 -3
5 29 33
5 49 -13
5 71 -25
5 94 -22
5 479 -10
6 11 6
7 16 -27
7 60 -28
7 84 -6
7 147 16
8 10 -25
8 19 -12
8 48 1
8 283 -6
9 39 29
9 67 33
9 92 -17
9 164 -9
9 292 12
9 234 15
10 30 43
10 195 14
11 111 42
11 173 13
12 102 -11
12 224 22
12 245 30
12 559 29
13 27 -25
13 34 -22
13 50 -29
14 33 29
14 101 20
15 22 -10
15 31 37
15 37 43
15 43 27
15 54 0
15 123 34
16 23 4
16 120 36
16 223 10
16 289 -23
16 438 0
17 98 -29
17 349 4
18 53 10
18 69 25
18 354 21
19 21 -6
19 38 6
19 465 43
21 86 32
21 96 40
21 105 -1
21 172 -12
23 40 38
23 68 -13
23 162 29
24 44 -16
24 45 3
24 151 38
24 560 -26
25 35 -13
25 412 -28
25 429 34
26 28 30
26 73 2
26 97 11
26 263 -14
26 306 28
26 546 17
27 32 37
27 42 -29
27 256 28
27 470 27
28 112 30
28 453 -11
29 113 33
29 398 -19
30 370 -16
30 399 4
31 61 30
31 140 20
31 258 -25
31 400 7
32 65 5
32 229 1
32 270 40
33 177 -8
33 199 14
33 205 26
33 279 -24
34 276 37
35 51 30
35 260 -9
36 327 38
37 41 -29
37 57 -17
37 297 1
37 363 -20
38 119 31
38 255 1
39 62 7
39 80 13
39 110 2
39 157 -2
39 264 14
40 47 11
40 66 43
41 74 4
41 290 -28
41 326 28
42 46 -14
43 114 -5
43 131 -14
43 178 29
44 395 -14
45 55 9
45 169 41
47 99 7
47 321 -1
48 78 40
48 95 13
48 477 25
49 52 -29
49 70 1
49 79 -13
49 188 10
49 361 -9
49 364 35
49 374 30
49 380 -23
50 261 -14
51 59 36
51 390 -29
52 314 18
53 414 13
54 88 20
54 160 40
54 253 6
54 542 -17
55 56 -20
55 58 8
55 133 9
56 87 21
57 75 -2
57 150 22
59 220 11
59 549 -3
60 64 10
60 91 -27
60 130 17
60 145 -19
61 77 14
61 244 -29
61 407 -26
62 214 34
62 484 -17
63 139 12
63 250 -14
63 259 30
63 403 -10
63 449 21
65 161 28
66 72 -12
66 103 -19
66 563 12
67 117 36
67 522 17
68 495 -22
69 143 15
70 83 38
70 227 21
71 76 17
71 106 -28
71 394 -27
72 109 20
73 153 -1
73 154 43
73 219 -6
74 300 -11
74 497 -1
75 90 -9
75 541 1
76 116 23
76 339 -25
76 578 18
77 144 -9
77 242 38
77 281 -29
78 81 -14
78 318 28
79 89 15
79 142 19
79 325 7
80 307 40
80 373 18
81 82 21
81 125 -20
81 129 30
81 135 4
81 136 16
81 443 30
82 359 5
83 196 -18
84 93 21
84 128 -23
84 448 -27
85 126 -5
85 215 -2
85 299 13
86 198 -6
86 343 28
86 570 -15
87 272 28
88 231 -10
88 498 17
89 213 9
90 148 34
91 174 40
91 285 31
92 168 10
93 202 -5
93 428 -7
93 446 -21
93 490 39
94 156 6
94 194 -5
94 226 31
95 430 -5
95 511 -25
96 217 11
96 267 21
96 409 22
96 445 -22
96 536 20
97 124 17
97 166 -16
97 241 21
99 100 -6
99 525 -10
100 176 -11
100 228 31
100 575 35
101 104 -13
101 118 -14
101 127 11
103 141 2
103 239 31
103 298 -28
104 134 -7
105 107 30
105 108 -22
105 218 7
105 341 -27
107 183 38
107 191 40
107 415 24
107 588 -22
108 209 26
109 527 18
110 121 40
110 240 -18
111 201 24
111 284 29
112 155 17
112 225 -17
113 362 4
115 365 -24
116 248 1
116 472 19
117 146 -17
119 122 33
119 357 -18
119 393 -13
120 184 43
120 375 -28
121 207 6
121 458 40
121 515 -1
122 163 20
122 351 16
122 434 -28
124 185 -26
124 190 -9
124 277 -21
124 553 36
125 158 -1
125 181 -27
125 257 43
125 319 17
125 516 -26
126 324 -20
127 171 -7
127 356 -21
128 232 42
129 132 -9
129 464 27
130 138 38
130 200 40
130 334 -26
133 197 -9
133 293 -11
134 137 -21
135 302 -20
136 149 -2
139 165 -14
139 167 -6
139 358 -7
140 419 -26
141 159 -2
141 208 13
141 440 22
142 152 -22
142 291 -1
144 211 -27
145 189 -29
145 274 41
146 506 36
147 204 33
149 505 0
150 187 -29
150 252 -8
150 317 19
150 379 -26
150 552 29
151 331 -1
151 353 -24
151 454 -29
155 249 33
156 478 41
157 179 25
158 212 -3
158 269 33
158 473 23
159 170 -16
159 457 -2
160 333 12
160 431 30
162 278 -22
162 335 -8
162 382 -12
162 387 -29
164 254 -18
164 535 41
165 175 35
165 186 14
165 247 -23
166 192 28
166 221 -19
166 311 -13
166 451 16
168 424 20
169 288 -7
170 203 27
170 545 11
171 338 -17
172 336 23
172 360 18
172 444 -7
174 476 -21
175 561 43
177 230 33
177 246 24
177 346 9
178 182 -2
180 471 29
182 193 -25
184 530 -23
186 406 -16
187 340 -1
189 234 10
191 348 19
192 368 15
192 378 32
193 436 -14
193 469 -25
193 482 -19
194 462 1
195 235 19
196 266 9
196 426 21
197 222 38
197 273 24
197 316 11
197 526 32
199 371 -8
200 210 43
201 233 -9
201 562 10
202 328 8
203 286 18
204 388 19
205 206 33
205 385 31
205 421 1
206 352 1
207 294 -11
207 432 -28
207 520 -4
208 238 -26
209 268 38
210 251 36
210 309 26
211 584 29
213 287 -2
215 237 -27
218 271 16
219 405 -6
220 265 -6
220 386 -20
221 303 -21
227 236 26
227 481 43
227 512 36
230 423 37
233 455 5
234 275 -17
234 376 5
238 383 -12
240 262 23
240 304 2
243 320 24
243 330 -26
243 416 12
244 384 -18
244 441 23
246 305 -13
246 574 -14
247 280 14
247 437 42
250 295 -2
251 539 22
252 301 18
252 344 -24
253 566 -8
254 308 -6
255 312 43
255 524 -20
255 587 0
257 329 9
257 544 7
258 282 5
259 447 2
263 468 11
264 355 -15
265 402 15
265 287 79
277 367 22
277 485 -26
277 551 23
278 345 -9
279 296 -8
282 310 -7
283 322 -26
283 564 42
285 496 -22
287 323 6
288 396 35
290 460 20
291 397 -24
292 337 35
292 366 30
293 350 16
296 315 32
299 422 21
300 372 12
301 425 43
305 313 -12
305 347 -25
305 392 -27
306 408 8
306 410 34
309 439 8
309 529 16
309 567 18
313 463 9
314 499 6
316 369 24
317 488 11
320 342 6
320 427 -19
321 417 -29
321 491 39
322 547 -27
326 543 3
327 332 -13
327 420 16
329 377 24
329 475 17
330 467 20
331 433 -3
331 508 23
334 590 20
335 404 8
335 480 -16
336 540 13
343 442 -21
344 558 37
345 519 -26
345 548 23
346 435 -15
356 456 -29
356 537 36
363 474 27
364 501 39
365 572 -9
366 504 -19
366 586 15
368 381 32
368 411 10
368 517 35
369 577 22
376 554 8
376 591 -10
377 389 -25
380 502 -5
382 391 26
382 401 -23
384 565 18
385 413 30
390 418 -26
390 487 -29
392 532 26
394 503 43
401 461 -28
408 450 7
409 513 6
410 466 39
412 533 13
413 452 -12
416 556 1
420 518 -19
422 510 5
428 507 -24
428 531 8
430 585 -12
435 569 43
440 557 42
441 459 -26
442 555 42
444 583 3
447 493 -3
448 494 32
449 489 -3
449 514 -11
449 571 14
462 581 9
464 492 37
465 521 8
469 528 -25
474 523 -28
475 509 0
479 483 -19
482 538 36
493 534 24
493 573 2
495 579 -4
512 576 -13
517 568 1
526 580 4
539 550 -26
555 589 -24
556 582 34
568 1415
1 2 21
1 6 -8
1 48 36
1 53 35
1 56 12
1 84 31
1 188 29
1 481 26
1 529 18
1 234 26
1 421 -17
2 3 7
2 5 34
2 7 -5
2 11 20
2 15 19
2 19 35
2 21 -14
2 25 -5
2 515 0
2 426 -11
2 77 75
3 4 -7
3 71 16
3 92 25
3 489 1
3 469 -11
3 38 56
4 100 80
4 293 83
4 278 -15
4 7 -25
4 530 6
4 333 36
5 9 28
5 12 31
5 534 61
5 478 47
5 311 9
6 31 12
6 39 -19
6 89 37
6 156 -4
6 193 31
6 404 28
6 286 23
6 340 -27
7 8 30
7 10 25
7 30 20
7 33 -10
7 38 -7
7 42 -11
7 103 9
7 58 74
7 322 15
7 322 81
8 13 4
8 18 -26
8 29 34
8 35 -18
8 187 24
8 271 10
8 150 27
9 147 2
9 422 72
9 335 1
10 23 31
10 36 21
10 507 22
10 496 88
10 482 -5
11 16 32
11 28 -2
11 55 22
11 109 14
11 256 -27
11 234 58
11 520 15
11 273 72
12 14 18
12 17 2
12 446 -6
12 551 27
12 410 64
12 124 33
13 171 -21
13 232 25
13 296 10
13 348 15
13 75 59
13 332 50
14 111 35
14 515 61
14 38 59
14 77 54
15 24 35
15 68 21
15 93 -20
15 102 21
15 226 32
15 440 11
15 536 25
15 475 -8
15 501 -18
15 191 65
16 20 32
16 519 22
16 525 22
16 323 22
16 270 3
16 161 30
16 364 7
16 258 -25
16 63 56
17 22 36
17 27 -16
17 100 -25
17 157 28
17 186 2
17 450 -9
17 454 -27
17 518 -1
17 286 14
17 22 4
17 348 49
18 45 34
18 85 -7
18 101 -16
18 112 7
18 146 -27
18 274 -7
18 118 54
19 57 -18
19 94 14
19 344 7
19 453 0
19 154 0
19 247 1
19 492 84
20 184 17
20 422 24
20 374 56
20 542 26
20 362 33
20 419 20
21 32 27
21 64 19
21 288 -26
21 346 -12
21 196 13
21 184 45
21 531 30
21 106 -11
22 37 -12
22 40 12
22 168 44
22 377 30
23 318 -18
23 380 -8
24 62 30
24 74 6
24 213 -15
24 313 18
24 152 -23
24 355 -11
24 492 76
24 404 -7
25 26 -7
25 51 11
25 90 31
25 197 10
25 72 -15
25 142 -28
26 41 3
26 44 -2
26 479 37
26 271 17
26 322 7
26 224 50
27 70 10
27 287 19
27 265 -21
27 489 -5
28 52 5
28 261 20
28 147 -8
29 75 -12
29 462 21
29 63 34
29 149 85
29 35 10
30 43 16
30 63 0
30 125 -23
30 235 3
30 236 0
30 326 19
30 474 -21
31 61 -28
31 160 -11
31 314 72
32 108 10
32 356 -23
32 283 25
32 206 71
32 252 89
33 34 17
33 69 11
33 129 -27
33 203 36
33 138 20
33 477 17
33 484 -12
33 312 52
34 54 -12
34 91 12
34 194 -16
34 284 7
34 352 12
34 492 11
34 105 66
34 151 -14
35 47 6
35 50 7
35 388 45
35 110 -3
35 97 15
36 67 11
36 78 7
36 291 -18
36 382 34
36 210 41
36 145 0
36 499 61
36 159 49
37 60 -19
37 554 -4
37 419 86
37 149 67
37 236 75
38 46 24
38 113 -26
38 269 -18
38 147 18
38 52 79
38 41 37
39 73 -23
39 120 16
39 182 -14
39 538 37
40 97 32
40 196 29
40 338 16
40 465 30
40 217 7
40 566 -22
40 122 -5
40 398 -29
41 107 20
41 389 53
41 110 61
41 157 -25
42 59 37
42 116 -16
42 262 88
42 385 56
42 503 21
42 383 -8
42 233 43
42 99 -29
43 65 4
43 66 -29
43 77 -18
43 144 19
43 177 17
43 353 24
43 548 3
43 65 12
44 83 26
44 470 10
44 508 -2
45 49 -29
45 381 33
45 365 13
45 338 -4
46 180 33
46 307 72
46 85 30
47 358 54
47 95 29
48 82 8
48 122 33
48 98 51
48 489 89
49 58 28
49 172 -22
49 230 -26
49 402 9
49 484 13
49 441 -16
49 353 -4
49 337 89
50 499 -17
50 556 -25
51 95 -9
51 98 -12
51 180 30
52 110 -11
52 117 15
52 243 20
52 448 35
52 497 -24
52 481 89
52 380 -28
52 508 67
52 524 81
53 115 -27
53 170 15
53 218 33
53 330 -6
53 430 52
53 217 7
53 192 54
53 283 -6
54 202 14
54 333 -11
54 237 53
54 441 -3
54 508 56
54 453 -18
55 80 12
55 139 9
55 148 -21
55 158 33
55 426 24
55 500 20
55 528 -25
55 208 5
55 553 45
55 142 43
56 214 6
56 245 3
56 355 -29
56 447 0
56 306 3
56 225 58
57 78 -9
57 393 11
57 337 -9
57 126 49
58 159 27
58 83 79
59 312 19
59 561 67
59 213 10
59 453 -20
60 76 34
60 298 -2
60 256 41
60 473 40
61 386 27
61 488 -19
61 439 35
61 224 6
61 435 -18
62 421 39
62 507 56
63 350 24
63 442 -11
63 560 -17
63 408 27
63 222 79
64 88 34
64 467 20
64 458 23
64 291 16
64 263 41
64 488 26
65 72 21
65 96 3
65 558 -18
65 80 26
65 201 17
66 276 11
66 393 -11
66 445 -22
66 561 20
67 195 37
67 363 -4
67 306 17
67 98 64
68 115 89
68 334 -8
68 549 23
69 118 33
69 266 22
69 216 16
70 154 -2
70 178 -17
70 102 -25
70 228 9
71 79 4
71 141 -15
72 165 13
72 568 48
72 480 -18
72 143 70
72 151 21
73 376 36
73 523 22
73 506 40
73 502 -27
74 105 -14
74 135 28
74 327 77
74 514 82
75 86 23
75 514 15
75 293 -1
75 545 -22
75 113 -12
76 155 -18
76 305 84
76 98 21
77 174 -18
77 183 20
77 315 10
77 388 4
77 491 34
77 464 79
77 271 -14
78 114 24
78 454 24
78 415 45
78 193 12
78 502 78
79 81 -27
79 272 0
79 390 35
79 449 4
79 460 -24
79 451 2
79 228 65
79 391 76
80 87 3
80 173 4
80 336 -25
80 505 -4
80 328 26
81 104 -10
81 249 -25
81 512 10
81 487 43
81 564 87
81 384 0
82 304 15
82 396 26
82 524 48
82 425 -2
82 446 35
82 82 59
83 130 17
83 400 7
83 565 11
83 278 47
83 119 54
83 238 11
84 321 -12
84 375 -25
84 559 -19
84 135 90
85 136 20
85 223 19
85 231 29
86 154 36
86 146 -10
87 528 56
87 551 57
88 133 25
88 175 7
88 269 39
88 240 -5
89 124 20
89 207 36
89 385 1
89 507 -15
89 93 54
89 334 71
89 498 19
89 189 2
89 438 67
90 159 19
90 224 -5
90 257 -27
90 544 6
90 222 29
90 291 -12
90 299 15
91 99 17
91 106 14
91 195 -8
91 245 70
91 134 75
92 189 58
92 290 6
92 244 51
92 140 68
93 121 22
93 123 1
93 168 -19
93 241 -6
93 331 32
93 384 18
93 240 48
93 552 5
94 199 -13
94 230 38
95 150 8
95 294 26
95 520 28
95 432 -11
95 104 50
95 135 -28
95 354 46
95 494 -23
96 169 23
96 457 16
96 140 64
96 378 -25
96 414 77
97 132 19
97 468 2
97 225 90
97 120 22
97 313 49
98 192 -26
98 236 60
98 220 14
99 114 8
99 126 -1
99 211 30
99 545 1
99 210 29
99 383 24
99 253 68
100 138 1
100 143 -11
100 191 -27
100 220 30
100 280 16
100 360 45
101 151 -27
101 483 33
101 303 82
102 145 14
102 164 5
102 295 19
102 306 19
102 377 24
102 392 35
102 111 68
103 358 -8
103 208 64
103 257 84
103 357 61
104 394 24
104 324 80
105 142 30
105 283 -17
105 337 -8
105 110 -15
105 105 42
105 321 -27
105 175 72
105 201 -29
105 366 -24
106 567 30
106 442 89
107 244 48
107 151 85
108 185 -23
108 275 -7
109 466 27
110 327 -16
110 139 57
110 341 13
110 338 -1
110 394 -26
111 441 -29
111 434 27
111 139 88
112 215 -1
112 255 2
112 369 -16
112 330 56
112 531 83
112 486 30
113 439 27
113 378 59
113 546 89
114 163 -6
114 551 -1
114 234 58
114 266 36
115 318 27
115 208 76
115 385 22
115 444 25
115 272 41
115 498 -13
115 553 80
115 389 80
116 358 -21
116 405 -11
117 119 -7
117 162 25
117 560 -19
118 128 -11
118 131 -7
118 231 -12
119 289 37
119 157 58
120 403 5
120 463 35
121 127 2
121 263 22
121 522 27
121 334 42
121 307 25
121 502 -6
122 204 -6
122 240 -13
122 134 -20
123 190 30
123 368 -11
123 386 32
123 236 -20
123 343 -25
123 362 13
124 330 48
124 425 -27
125 395 12
125 334 46
125 391 46
125 236 85
126 185 50
127 462 -21
127 246 73
127 233 32
128 134 7
128 140 -25
128 161 -22
128 317 28
128 546 -24
128 404 77
128 208 14
129 152 33
129 209 24
129 242 11
129 299 39
129 550 -27
130 286 -23
130 560 59
131 179 25
131 320 24
131 416 -26
131 480 10
131 195 61
131 413 8
132 303 -29
132 514 22
132 431 47
133 539 21
133 558 79
133 374 -26
133 542 18
133 499 -12
134 137 17
134 181 0
134 237 0
135 371 16
135 473 -11
135 281 -16
136 311 27
136 194 -27
136 169 -24
136 226 89
136 493 60
136 399 74
136 565 26
137 353 -15
137 201 -21
138 456 28
138 266 -8
138 313 30
138 434 -8
139 181 76
139 212 -1
140 408 -4
140 427 7
140 520 48
140 234 23
141 265 27
141 398 15
141 379 31
141 337 -14
142 327 59
142 183 -7
143 389 8
143 198 -7
143 408 18
143 448 82
144 434 26
144 545 1
144 411 63
144 322 74
145 189 -1
145 484 -26
145 344 22
145 251 66
145 156 -1
145 328 -27
145 301 17
145 148 -3
146 149 12
146 222 12
146 555 25
147 325 -2
147 469 -9
147 524 -13
147 509 -5
148 167 11
148 509 -22
149 561 -9
149 244 -10
149 417 63
150 535 36
151 153 4
151 250 5
151 514 10
151 282 -24
152 275 36
153 258 -12
153 464 6
153 208 23
154 246 11
154 431 58
155 410 24
155 527 -16
155 370 70
155 550 74
156 440 79
156 347 -18
157 300 20
157 312 90
157 373 -11
159 210 -16
159 229 -29
159 568 14
160 216 -19
160 225 -5
160 310 57
160 459 54
161 499 82
161 452 72
161 336 28
162 460 62
162 193 0
162 282 50
162 213 67
163 234 25
164 480 -22
164 226 -20
164 349 -28
165 166 -14
165 247 -4
165 171 79
165 175 -27
165 177 27
166 316 -6
166 188 14
167 268 30
167 545 1
167 525 36
168 287 9
168 432 -2
168 504 19
168 441 -18
169 221 30
169 253 23
169 456 -22
170 506 4
171 244 33
171 273 59
171 451 16
172 200 -11
172 424 34
172 407 79
173 176 18
173 387 31
173 401 10
174 417 7
174 213 37
175 264 13
175 273 21
175 292 37
175 460 -12
175 534 71
175 319 30
176 323 -11
176 208 84
177 323 20
177 391 4
177 350 72
177 380 56
178 460 81
178 427 10
178 430 -19
179 208 0
180 441 5
180 383 75
180 437 26
180 266 -8
180 235 67
181 219 -28
181 279 16
181 459 0
181 256 45
181 452 -20
181 287 70
181 432 45
181 464 15
181 212 41
181 324 -9
182 281 -14
182 524 85
183 354 -9
183 378 89
183 491 -27
183 482 75
183 320 8
183 438 -22
184 205 -25
184 290 2
184 383 18
184 537 -10
184 206 18
185 198 6
185 206 -4
185 340 -16
185 534 70
186 259 3
186 459 90
187 506 63
188 305 34
188 399 -8
189 455 -24
189 477 90
189 432 -27
189 192 -21
189 361 -6
190 490 -10
190 464 60
190 360 69
191 233 30
191 277 9
191 344 -28
192 217 30
192 310 -20
192 202 63
193 478 13
193 415 29
193 485 45
194 472 -2
194 477 80
194 351 40
194 544 84
195 201 15
195 425 22
195 486 29
195 203 62
196 267 37
197 351 31
197 431 0
197 436 8
198 307 20
198 343 24
198 364 12
198 480 33
198 291 51
199 276 4
199 458 60
200 548 20
200 346 5
200 256 35
201 319 11
201 516 16
201 307 86
201 321 26
201 325 -4
202 238 3
202 262 -17
202 394 81
202 259 74
202 422 -10
202 210 60
203 335 19
203 469 18
203 367 4
204 227 18
204 322 20
204 360 -15
204 513 -15
204 499 -18
205 393 55
205 568 4
206 212 29
206 396 -26
207 366 7
207 236 82
208 267 -18
208 328 -16
208 542 66
209 329 6
209 391 19
209 240 38
209 276 90
210 493 13
210 289 44
210 475 -20
210 535 12
211 239 -27
211 293 7
211 397 -29
211 386 21
211 328 -8
211 236 65
211 268 -23
212 278 3
212 415 -14
212 371 -24
214 340 10
214 416 0
214 514 20
216 522 0
216 298 -15
216 510 86
217 443 -21
217 295 31
217 260 23
217 420 -11
217 336 -25
219 270 28
219 367 -8
219 422 13
219 489 -14
219 451 55
220 374 19
220 264 44
220 271 -18
221 251 65
221 424 59
222 237 77
223 248 8
223 285 6
223 525 -5
224 228 6
224 437 -13
225 254 -17
225 235 38
225 446 65
227 251 -28
227 565 89
228 419 -28
229 534 -4
229 560 -13
229 497 -23
229 527 17
230 501 17
230 240 65
230 420 52
231 406 -17
231 250 -20
231 362 -3
231 420 -7
232 254 -19
232 382 45
232 503 -8
233 557 -6
234 336 0
234 415 -22
234 293 -23
234 382 30
235 522 85
235 412 19
236 378 -5
236 308 -11
236 255 43
236 545 -13
236 350 51
237 410 15
237 534 -7
237 447 68
238 309 17
238 331 76
239 260 33
239 517 1
239 357 80
240 252 22
240 430 32
240 544 -5
241 322 62
241 300 17
243 438 33
243 271 -2
243 382 49
244 308 18
244 342 -29
244 443 -7
244 488 9
244 525 38
244 561 -13
244 422 -18
245 271 14
245 470 21
245 544 -12
246 373 13
246 428 27
246 527 73
248 341 -27
248 463 -7
248 518 -15
248 508 -24
249 443 83
249 494 58
250 359 6
250 499 -8
250 263 64
250 531 -18
250 413 18
251 285 77
252 503 28
252 546 41
253 507 48
253 451 36
253 554 74
254 431 82
255 429 27
255 538 24
255 314 73
255 314 -13
255 307 36
256 357 36
256 381 -21
256 383 34
257 318 -18
257 305 16
258 399 76
259 436 -12
259 506 52
259 296 42
259 525 83
260 367 24
261 477 7
261 318 21
264 511 15
264 530 34
265 539 46
265 541 50
266 349 17
266 502 -26
266 347 77
267 479 3
268 292 77
269 308 51
269 333 46
270 275 -25
270 527 38
270 322 32
271 363 61
271 339 79
271 432 64
271 299 -14
271 336 -5
271 450 80
272 361 33
272 375 13
273 282 32
274 299 22
274 332 -20
274 481 15
275 380 -21
276 481 76
277 279 -28
277 543 -29
278 297 -23
278 543 -29
278 435 6
279 301 6
279 280 72
279 312 21
279 507 36
279 360 24
280 521 9
280 344 31
281 324 16
281 427 26
281 473 -17
282 395 84
282 530 1
283 296 -11
284 361 86
284 445 51
285 444 -22
285 534 64
285 355 71
285 510 -3
286 522 -22
286 454 -25
286 377 24
287 547 21
287 312 31
287 314 44
288 424 87
288 472 65
288 421 16
289 309 12
290 486 58
290 425 30
290 414 -11
290 489 43
291 400 89
291 501 34
292 550 52
293 302 3
293 377 16
294 528 35
294 376 5
294 360 27
294 460 12
295 420 -17
296 447 84
297 404 69
298 463 52
298 504 82
299 458 -7
299 433 78
300 550 88
300 324 43
301 339 10
302 412 33
302 324 13
302 454 -14
303 433 75
303 315 2
304 560 56
304 345 74
306 543 -28
307 466 -27
307 435 38
308 314 18
308 345 28
309 407 1
309 391 84
309 312 13
310 362 25
310 489 59
311 533 -1
311 501 73
312 457 48
313 414 3
313 501 0
313 414 -12
314 347 19
314 433 29
315 325 -12
315 334 -16
315 436 85
315 508 76
317 336 38
317 552 26
317 337 80
318 409 -12
318 401 76
318 550 14
319 439 4
319 461 -13
319 407 65
319 557 69
320 521 34
321 370 -3
321 336 67
321 480 -14
322 519 -6
323 348 3
323 363 58
323 403 15
324 452 27
324 341 -24
324 340 30
324 532 84
325 476 14
326 541 21
327 490 7
327 394 -3
328 338 26
328 369 50
329 495 -9
329 357 23
329 351 -20
329 394 41
330 552 38
330 494 -29
331 465 -25
332 485 -8
332 509 7
333 507 -19
333 375 33
333 533 8
334 496 27
335 365 -6
335 513 40
335 362 35
335 395 16
336 437 69
336 383 29
337 378 44
338 423 27
338 370 71
339 363 -14
339 392 4
339 417 24
339 534 88
340 509 90
340 518 59
341 384 79
342 403 71
343 407 -15
343 528 -3
343 534 49
344 568 -27
345 482 83
345 548 14
345 376 55
347 435 83
348 458 69
350 370 -9
351 482 3
351 400 82
352 532 2
352 476 62
353 418 5
354 560 26
355 498 5
356 435 31
356 397 80
356 521 20
357 418 -11
358 379 -6
358 567 15
358 429 20
359 372 21
360 482 71
361 421 18
362 547 56
362 425 49
363 402 5
363 478 20
363 556 15
365 539 89
367 471 -22
367 411 39
368 451 50
369 481 -4
370 509 19
372 487 -15
372 445 22
374 427 59
375 441 54
376 526 -1
376 517 59
376 531 48
377 430 23
379 513 64
379 420 62
381 415 -27
382 540 28
383 561 76
384 500 18
389 566 -22
389 567 1
390 483 0
390 496 -19
390 529 20
391 417 -17
392 448 85
394 519 68
394 453 34
394 446 -5
394 507 1
396 410 13
397 525 29
397 561 26
400 441 4
400 556 48
401 464 41
402 476 1
402 527 16
402 450 44
403 490 20
404 477 -3
404 548 77
404 458 39
406 413 -25
406 474 25
406 419 62
407 552 88
407 430 37
409 411 2
410 545 28
410 427 -28
410 563 3
412 434 30
414 451 -23
415 525 4
415 526 -24
415 442 55
415 532 -21
416 493 15
419 475 32
420 517 69
420 441 30
424 451 47
424 459 0
424 559 -13
425 434 88
426 494 84
426 462 37
427 428 -17
428 501 3
429 510 -15
429 507 38
431 517 -10
431 527 2
432 517 72
434 473 14
435 564 10
435 516 39
438 455 5
438 491 66
440 562 -15
442 513 -24
444 524 87
444 473 87
445 531 -16
445 486 73
445 494 38
448 526 -4
448 480 21
448 454 -29
448 556 70
449 487 24
452 527 -21
454 458 29
454 533 4
455 466 -22
456 524 26
460 541 -19
465 500 13
465 524 83
468 535 -14
468 542 -18
468 553 10
470 522 75
474 549 1
474 493 5
480 497 20
481 544 65
483 534 83
483 555 27
484 557 10
487 509 75
489 512 -4
491 494 4
491 567 11
492 553 44
494 526 -9
495 514 30
496 551 72
503 512 -1
504 514 75
505 543 61
506 524 25
506 555 6
506 508 48
507 507 17
509 512 65
511 566 -17
515 517 17
515 543 -5
516 561 13
516 541 3
516 538 71
519 519 -22
524 553 40
526 551 16
527 561 -28
531 551 25
532 541 -28
536 541 65
537 550 28
537 563 14
539 552 -10
552 560 -23
187 488
1 2 16
1 4 -3
1 66 -16
1 149 4
1 72 15
1 8 23
1 97 -5
2 3 -29
2 104 2
2 109 1
2 134 -6
2 157 -8
2 185 24
2 110 -15
3 5 29
3 6 29
3 25 22
3 28 -1
3 31 14
3 104 69
4 7 -16
4 11 -9
4 22 33
4 32 35
4 39 19
4 48 -24
4 16 14
4 148 72
4 53 38
5 56 -28
6 8 -15
6 15 -22
6 17 17
6 84 28
6 13 13
7 21 20
7 55 -25
7 135 88
7 95 58
7 147 -5
7 104 -29
7 75 9
7 27 -8
8 9 -11
8 12 32
8 43 -5
8 91 35
8 60 13
8 184 -21
8 12 -25
8 131 15
9 10 2
9 60 37
9 68 7
9 128 21
9 136 2
9 107 -15
9 44 82
9 58 -16
9 21 11
9 46 61
9 166 28
10 16 24
10 26 6
10 38 34
10 68 20
10 32 36
10 109 45
11 24 0
11 131 -16
11 22 86
11 123 56
11 110 43
11 138 -14
12 13 5
12 14 -1
12 19 -28
12 15 1
12 54 71
13 49 -3
14 20 10
14 27 -21
14 29 -23
14 80 -17
14 106 13
14 120 10
15 40 -7
15 45 15
15 79 20
15 63 76
15 86 53
15 170 -2
15 132 55
15 111 34
16 18 4
16 42 16
17 179 -4
17 95 79
18 165 25
18 168 20
19 23 16
19 33 4
19 77 -2
19 29 61
19 163 -18
19 56 90
19 45 85
19 178 60
20 37 7
20 47 10
20 73 -15
20 123 -27
20 144 -27
20 77 57
20 129 -17
21 53 -20
21 90 12
21 52 24
21 83 36
21 84 -12
21 103 -20
22 108 -17
22 159 65
22 83 -19
23 58 13
23 109 34
23 30 -15
23 40 67
23 162 11
23 34 24
23 35 44
23 123 -16
24 46 -17
24 75 21
24 153 24
25 130 -23
25 182 -27
25 119 61
25 174 9
25 46 71
25 116 27
26 35 -28
26 86 -9
26 125 80
26 180 -2
27 30 -29
27 34 -10
27 51 29
27 74 -13
27 139 -19
27 170 35
28 72 -20
28 113 0
28 130 -19
29 62 1
30 41 -27
30 64 30
30 119 35
30 52 66
30 115 5
31 70 61
31 184 85
32 81 -24
32 187 -6
32 88 37
33 83 31
33 166 14
34 61 17
34 69 55
34 175 34
35 36 2
35 184 33
35 87 72
36 42 1
36 154 64
36 140 74
36 185 75
36 167 88
37 87 -4
37 139 11
37 70 40
37 127 -28
38 59 5
38 156 11
38 172 28
38 68 58
38 117 -4
39 69 11
39 129 14
39 100 69
39 148 1
40 52 -6
40 78 10
40 137 -9
40 133 -8
40 127 13
40 43 71
40 59 82
41 54 11
41 86 19
41 114 17
41 148 -19
41 124 -11
42 44 -29
42 132 88
42 109 -18
43 154 62
43 154 30
44 173 70
45 63 42
45 135 59
46 50 -10
46 149 43
46 179 3
46 143 22
46 138 -12
47 63 -2
47 76 0
47 148 19
47 141 -27
48 102 -13
48 72 -12
49 99 13
49 168 44
49 78 14
50 96 33
50 145 -25
50 85 22
50 55 -9
50 158 64
51 57 -27
51 112 5
51 79 16
52 98 49
52 89 65
52 110 15
52 159 42
52 168 3
52 178 82
53 173 24
53 142 -17
53 97 -10
54 85 24
54 100 6
54 112 6
54 83 38
54 90 48
54 56 78
54 151 65
55 143 -10
55 152 1
55 95 -6
55 82 50
55 138 -2
55 109 61
55 95 4
56 65 3
56 115 -20
56 116 33
56 135 29
56 184 82
56 105 79
57 94 -1
57 149 4
57 136 -29
57 98 11
58 186 36
58 77 6
58 150 9
58 143 90
59 64 83
59 186 70
60 142 84
60 147 77
61 70 22
61 163 66
62 89 10
63 67 38
63 120 67
64 119 14
64 144 23
65 187 -12
65 111 11
65 76 -9
65 159 60
66 67 -13
66 174 11
66 125 -12
66 94 48
68 151 -20
68 94 12
68 110 59
68 123 22
69 132 18
69 170 65
69 88 -29
69 113 -24
69 93 -2
70 71 11
70 163 34
70 140 47
70 125 80
70 179 49
70 99 -4
71 82 1
71 77 27
71 90 -24
71 136 -12
72 142 -2
72 130 70
72 90 7
73 142 78
73 180 73
74 103 29
74 163 73
74 92 59
74 85 -29
74 129 90
74 176 32
75 156 53
76 101 26
77 95 -16
77 150 -3
77 78 2
78 93 -11
78 167 -25
78 95 26
79 88 -16
79 121 -16
79 158 63
79 156 9
79 175 51
79 144 8
79 87 30
79 170 -18
79 91 -24
80 105 8
80 160 -16
81 98 31
81 182 89
81 183 44
82 94 38
82 143 32
82 108 -25
82 98 68
83 124 30
83 101 45
83 177 -19
84 154 2
84 171 29
84 183 -28
85 102 30
85 140 28
85 183 -1
86 130 50
86 94 40
86 165 -25
86 126 15
87 141 -11
87 147 -7
87 107 -3
88 97 -27
88 180 11
88 145 13
88 108 40
89 92 37
89 98 61
89 167 19
89 180 66
90 127 58
90 118 71
90 173 35
90 173 56
91 107 -8
92 172 -4
92 104 75
92 173 -24
93 116 34
94 104 31
95 97 -24
95 98 75
95 173 38
96 162 80
97 118 -3
98 153 27
99 122 29
100 125 19
100 180 -1
101 161 12
101 184 23
101 123 74
101 183 61
102 126 22
102 170 7
103 140 -18
104 110 -28
104 111 31
104 127 -11
104 160 -3
105 134 -11
105 170 22
105 154 36
105 107 58
105 117 51
106 162 -14
106 119 83
107 138 15
108 185 -26
108 166 -28
108 123 29
108 158 44
108 115 -4
108 173 52
109 133 12
109 162 18
109 173 -14
110 117 -11
110 183 24
110 182 -4
111 142 70
112 118 6
112 159 6
112 177 -8
112 117 46
113 155 10
114 135 36
114 114 60
115 146 21
115 134 51
116 126 33
116 177 89
117 164 26
117 170 51
118 179 54
118 162 40
118 168 40
119 169 21
119 130 -9
120 135 -16
120 167 31
120 134 12
121 176 -27
121 153 10
122 143 -3
123 181 24
123 124 78
124 167 27
128 131 26
129 170 32
129 152 -1
129 177 45
129 142 39
129 154 -29
130 170 72
130 141 57
131 171 -2
131 137 -7
132 134 34
134 143 -19
137 158 24
138 177 22
140 165 74
140 142 34
141 156 85
142 150 -24
144 184 90
147 166 10
148 185 22
149 158 -5
152 179 -15
152 163 -29
153 154 -5
154 183 11
155 177 -4
155 171 3
157 173 25
160 178 -25
160 173 39
162 185 82
163 184 38
164 175 -23
164 169 78
165 181 44
170 173 7
170 173 44
176 177 53
180 186 87
181 186 71
635 636
1 2 -6
1 3 -21
1 6 -22
1 11 -24
1 19 -4
1 30 -20
1 38 -11
1 70 -15
2 4 6
2 7 13
2 9 -12
2 60 9
2 125 -9
2 189 -12
2 244 -10
3 10 -8
3 28 7
3 87 -24
3 385 -3
4 5 -2
4 8 -20
4 18 -27
4 45 -11
4 192 1
4 268 12
4 398 -24
5 40 5
5 41 -23
5 131 3
5 142 -1
5 310 9
6 14 -20
6 16 -18
7 17 10
7 42 -7
7 144 -13
7 246 1
7 449 -10
8 13 -17
8 22 -10
8 94 12
9 24 -7
9 47 5
9 124 4
9 240 -15
10 12 -27
10 15 -21
10 109 -20
10 320 10
11 20 -26
11 35 -18
11 37 -7
11 128 -29
12 239 -16
12 287 5
13 33 -2
14 46 -9
14 58 -15
14 98 -27
14 621 -18
15 402 -7
15 501 -6
16 25 12
16 66 -27
16 114 -17
16 165 3
16 191 2
16 478 -5
16 514 -10
17 133 -5
17 376 -26
18 21 -23
18 26 -4
18 103 0
18 155 13
18 174 -27
18 290 -20
18 562 12
19 31 -28
19 104 -5
19 223 -17
19 301 -24
19 474 3
19 622 2
20 44 4
20 123 9
20 271 1
20 523 2
21 23 -7
21 27 13
21 29 1
21 164 5
21 179 -25
21 255 -17
21 509 -11
21 529 -22
21 567 -26
22 119 9
23 43 -5
23 64 -12
23 111 -9
23 378 3
24 48 -5
24 63 -16
24 166 -1
24 187 -10
25 518 -20
26 36 -14
26 39 8
26 375 -8
26 601 4
27 54 -20
27 92 -28
27 173 2
28 32 -7
28 59 -21
28 95 10
28 225 -2
28 242 -17
28 323 -20
28 369 -22
29 67 -15
29 82 6
29 307 -28
30 51 -13
30 279 -10
31 53 -3
31 85 -22
32 49 -9
32 151 -25
33 34 -14
33 102 9
33 159 -25
33 221 -19
34 91 -11
34 442 -6
35 56 13
35 137 -1
35 250 -21
36 89 -25
36 337 1
37 84 3
37 342 3
38 203 -10
39 227 13
39 253 -25
39 105 -1
40 55 -2
40 62 -16
40 364 6
40 421 0
41 52 -10
41 78 -12
41 86 -13
41 249 9
41 573 6
43 50 -18
43 65 -8
43 150 8
43 177 -6
43 298 -12
43 497 -28
43 595 -23
44 180 -12
44 608 7
45 90 2
45 575 -26
46 57 11
46 72 -25
46 205 -22
46 334 -14
46 424 4
47 172 -9
48 81 -21
48 218 7
49 80 -2
50 355 13
50 530 9
50 536 -25
51 261 13
51 353 -25
51 618 8
52 117 9
52 147 -27
52 213 1
53 61 5
53 162 -16
54 68 1
54 105 1
54 107 -10
55 71 -1
55 193 10
56 118 -18
56 206 -2
56 207 -24
56 468 -19
56 499 -1
57 74 -10
57 88 -5
58 245 4
58 309 -2
58 410 -20
59 77 -13
59 113 9
59 168 -14
59 176 -26
59 212 7
59 469 4
61 73 -2
61 76 -11
61 349 9
62 110 -7
62 264 13
62 274 -8
62 306 -24
63 116 -12
63 473 11
64 175 -11
64 533 -9
65 93 -7
65 158 -1
66 127 -8
66 132 -1
67 69 8
68 99 -7
69 197 -26
69 238 -17
69 382 0
70 163 11
70 617 -13
71 184 9
72 564 -19
73 243 -22
74 75 -2
74 234 -26
75 258 8
75 565 -25
76 79 -3
76 196 6
76 417 13
77 83 1
77 126 -6
77 317 -13
77 549 -5
78 181 -17
78 198 -4
78 272 9
79 100 10
79 108 -2
80 241 13
80 256 -1
80 446 -21
81 404 -25
82 115 3
82 204 -16
82 222 -20
82 443 9
84 122 -11
84 161 -27
84 220 5
84 302 -26
85 97 -22
86 346 -3
88 96 -21
88 148 -19
89 366 9
89 422 5
90 112 -24
90 286 -10
91 281 -26
91 356 -23
91 630 8
91 631 -24
92 101 1
92 145 -8
92 265 -10
92 373 8
94 263 -4
94 296 -2
96 194 -27
97 185 -12
98 136 -19
99 120 -29
99 327 -17
99 418 -10
100 248 7
100 566 -23
101 130 -9
101 143 -15
101 354 -26
102 121 -15
102 169 13
102 383 -4
102 603 5
103 506 -12
103 597 -11
104 178 -9
105 106 2
105 350 -16
107 216 6
107 585 -23
108 284 -16
111 134 -3
111 138 9
111 230 1
112 149 -16
112 580 10
114 160 -21
115 129 -12
115 217 -17
115 294 -4
115 435 -7
116 233 -22
116 251 -24
116 324 -2
116 554 -16
117 232 -26
117 538 -17
117 548 -4
118 139 11
118 260 -3
118 563 -26
119 190 -27
119 199 -1
119 515 -1
120 396 -14
121 140 -25
121 552 -18
121 582 -9
122 135 -14
122 328 10
122 409 -26
123 141 -13
123 153 -14
123 599 5
124 146 5
124 462 -15
126 154 -10
126 214 -16
126 569 3
127 464 -2
128 195 -6
129 152 4
130 237 -4
132 315 -27
132 319 13
132 527 6
133 226 -15
134 340 10
135 494 1
137 465 -9
137 510 -24
138 407 11
139 183 -21
139 215 -21
139 252 12
139 496 12
140 613 10
141 453 -15
141 600 -27
143 157 11
143 170 -8
143 300 8
145 322 0
145 477 1
146 292 11
147 392 6
148 325 -23
148 423 7
149 167 -8
149 186 7
152 318 -18
152 546 -21
154 156 0
154 171 -2
154 386 -20
154 455 -24
157 332 -10
158 394 -20
159 289 -9
159 293 -3
159 360 4
160 202 10
161 335 -4
163 427 10
163 444 -15
165 377 0
166 498 -1
167 182 12
167 270 -2
168 627 9
171 235 -21
172 247 2
173 266 -5
173 438 -28
174 348 -2
175 210 -1
175 542 -17
177 188 8
177 211 6
177 380 -22
178 303 -6
180 415 -22
181 201 -11
181 339 4
182 484 -5
184 267 4
184 273 4
186 200 -23
188 219 -26
189 259 13
189 330 -19
190 370 -29
191 295 10
192 365 -7
192 519 -23
193 512 -26
194 229 -16
194 626 -18
196 343 -15
197 481 -23
199 228 -20
199 275 -29
199 358 -22
200 532 -9
200 599 -20
201 231 9
201 236 9
202 224 -22
202 458 -28
205 209 -14
205 282 -14
205 297 -25
206 347 13
207 208 -19
207 352 2
207 451 -13
207 633 8
208 311 11
209 476 -19
209 596 -15
210 305 1
211 495 12
212 593 -4
212 611 -26
215 254 3
218 397 -27
218 401 -20
218 500 -7
220 507 12
221 425 -14
221 615 7
224 276 -7
224 505 -3
225 441 11
225 447 -20
225 475 -26
228 448 -15
228 485 -11
230 524 -4
231 629 -11
232 457 6
233 308 -4
236 269 -20
237 361 13
237 431 -8
239 257 -12
240 489 -3
241 291 12
242 520 -21
242 534 -18
242 537 -5
243 429 -10
244 609 9
247 278 12
248 598 -4
248 604 0
250 568 -12
251 262 -18
253 403 -29
258 280 7
258 388 -4
258 561 9
259 381 -22
259 503 -20
260 316 9
260 333 9
261 430 -8
262 299 -3
263 399 7
265 387 -14
265 419 -29
265 502 -1
265 588 2
266 420 -10
268 368 -11
269 283 -1
269 426 1
269 589 -19
271 285 -18
273 412 -15
273 543 -10
274 277 -2
275 357 -24
276 312 -23
277 411 -2
279 463 -9
280 288 4
280 338 -23
281 359 -26
281 393 -11
281 452 0
283 344 -26
283 379 -4
285 304 7
286 314 -21
286 493 2
287 336 6
288 432 -19
289 471 -10
290 521 4
292 313 -2
292 620 5
294 526 0
295 586 -13
297 331 9
298 528 -19
300 363 -2
300 454 -29
301 559 6
302 535 4
303 480 -12
306 341 -8
307 490 9
307 511 5
308 445 10
308 525 -5
311 437 3
312 553 -1
312 571 -24
313 406 10
315 440 7
317 326 0
318 372 2
319 321 -6
319 367 -21
319 583 -11
321 374 2
322 351 -29
322 362 -4
325 371 -14
325 628 -12
326 592 -24
328 329 -6
328 400 11
329 413 9
330 428 -14
331 345 -5
331 395 -13
335 491 -24
339 460 -3
342 539 -10
343 416 -7
343 450 -6
343 612 -24
345 551 7
347 584 9
347 632 9
348 545 -21
348 610 -20
357 389 -29
357 482 -25
357 605 13
359 408 -26
359 479 -14
363 483 10
371 487 -22
372 544 4
373 433 9
373 461 1
377 391 -7
377 531 2
378 414 -23
381 581 -22
382 384 6
382 405 -13
383 513 -3
387 390 3
390 439 -14
390 547 6
394 614 1
395 456 -20
404 492 -6
410 522 3
412 434 12
415 436 -17
415 466 11
416 516 -27
417 508 -26
418 576 -3
418 625 -13
420 459 6
420 470 2
428 472 -13
428 541 -24
430 578 -1
433 467 -14
438 504 13
440 517 -3
443 486 -16
455 557 -13
459 577 -1
472 619 -26
478 560 4
485 488 -18
499 540 -29
501 572 -15
502 587 4
512 550 1
512 579 0
518 591 -27
519 606 -16
525 590 10
535 594 -6
543 607 3
553 556 4
554 555 -9
555 616 -22
556 634 -1
557 558 -8
557 574 2
565 570 0
565 602 -3
611 635 -27
614 624 -20
616 623 6
670 796
1 2 -16
1 3 -2
1 8 -24
1 9 3
1 32 -23
1 33 -8
1 96 -4
1 97 -14
1 106 -7
1 130 -20
1 334 18
2 17 -23
2 21 7
2 77 -16
2 553 -1
3 4 -25
3 13 -9
3 14 -6
3 230 -6
3 512 -12
4 5 -19
4 6 -4
4 10 -4
4 55 -26
4 438 13
5 7 -2
5 15 -29
5 35 -10
5 171 8
5 372 -2
6 18 -28
6 28 1
6 52 4
6 123 -10
6 644 -28
6 98 1
6 431 66
7 118 -1
7 312 -8
7 378 -27
7 479 5
7 189 -25
8 20 -3
8 23 -10
8 623 55
8 242 -27
9 11 -14
9 42 1
9 353 -19
10 12 -15
10 29 -13
10 64 -2
10 107 -23
10 377 0
10 511 16
12 16 -14
12 78 -2
12 232 -7
13 19 -25
13 89 -17
13 148 -18
13 306 -23
13 412 -4
13 508 -20
13 86 27
14 24 -29
14 25 -6
14 41 -23
14 44 -27
14 121 -29
14 127 2
14 530 3
15 47 -3
15 48 -14
15 92 -9
15 101 -22
16 31 -3
16 36 -24
16 162 -10
16 277 -13
16 603 1
17 22 -9
17 60 -17
17 128 -27
18 49 1
18 79 -26
18 548 -1
19 30 3
19 34 2
19 38 -8
19 112 -16
19 634 -15
20 228 -5
21 26 -28
21 37 -28
21 39 -25
21 68 -9
21 468 5
22 27 -21
22 141 -23
22 284 -6
23 87 -21
23 131 -27
23 140 -22
23 624 -9
24 109 -15
24 367 -19
25 120 -28
25 357 -12
25 519 -17
26 66 -15
26 150 -17
26 209 2
26 218 -13
26 368 -24
27 40 -19
27 46 -20
27 62 -28
28 347 -9
28 437 -15
28 446 -5
28 447 -8
29 50 -13
29 220 -1
29 516 -18
30 45 -1
30 69 -19
30 152 -6
30 527 -23
31 51 -27
31 67 -8
31 82 5
31 189 -20
31 192 -2
31 565 40
32 81 -1
32 272 -28
32 526 -12
33 328 -10
33 157 22
34 43 -7
34 85 -6
34 86 4
34 307 -9
34 655 -8
34 76 58
35 246 -25
35 370 67
36 573 -4
37 54 -15
37 76 -20
37 160 5
38 83 -23
38 114 -5
38 177 4
38 387 -14
38 617 5
38 653 -3
39 332 -3
40 80 2
40 202 -22
40 448 -26
41 100 -15
41 274 -21
41 423 -11
41 334 -1
42 58 -12
42 135 -20
42 334 -7
42 429 3
42 556 87
43 157 7
43 309 -24
43 582 -5
44 102 1
44 229 5
46 244 -28
46 629 -23
47 181 7
47 382 23
48 73 -29
48 165 -15
48 204 51
49 231 -12
49 493 -11
49 247 -14
50 56 -6
50 57 2
50 75 -21
50 108 -14
50 388 -11
51 53 3
51 94 -16
52 59 -1
52 93 -1
52 336 -8
52 471 -7
52 596 67
53 70 2
53 72 -16
53 151 -10
53 278 -26
54 228 60
56 65 -21
56 247 3
56 492 -4
57 63 -13
57 91 -20
57 620 -20
58 61 -21
58 545 -22
58 290 -19
59 71 0
59 327 7
59 657 -3
60 116 -26
60 420 4
61 199 -2
62 604 -29
62 443 -9
63 188 -4
63 275 -19
63 359 -17
63 484 70
64 450 -11
65 105 -8
65 145 -27
65 376 8
65 506 -27
66 198 72
68 221 -2
68 470 -1
68 473 -10
68 603 24
69 95 -11
69 223 -12
69 260 -9
70 99 -8
71 74 3
71 110 -16
71 182 -2
71 248 -1
71 345 -6
71 455 -21
71 622 -28
71 235 9
72 146 -3
72 174 -21
72 483 -19
73 169 -14
73 249 -9
73 258 -7
74 364 -9
75 129 -21
75 147 2
76 117 2
76 124 -24
76 139 8
76 144 -14
76 186 -26
76 268 -3
76 360 -21
76 482 -29
76 658 -17
76 373 -24
77 84 1
77 88 -15
78 125 -26
78 137 -22
78 153 -28
78 362 -26
79 90 -23
79 253 -10
80 262 -27
80 289 -22
80 305 -10
80 526 37
82 225 -21
82 323 -22
82 489 8
83 155 -29
84 103 -12
84 239 5
84 338 4
84 354 -1
85 98 1
85 168 -3
85 329 -17
85 330 0
86 194 -7
86 294 4
87 113 -14
88 104 -16
88 111 -14
88 126 -29
88 164 5
88 211 -29
88 292 -17
89 662 -1
89 510 -5
90 115 -3
90 396 -5
90 494 -25
91 163 -24
91 491 1
92 650 -3
93 133 7
93 235 -29
93 511 6
94 525 2
95 213 -29
95 585 -26
96 172 -25
96 203 -8
96 226 0
96 609 51
97 138 -7
98 132 -26
98 267 -20
98 300 3
100 384 -21
100 584 -16
101 119 -8
101 294 -3
102 464 -9
103 571 0
104 134 -8
104 540 -21
104 551 -27
104 525 -29
105 241 -6
105 333 1
106 175 -1
106 652 20
107 142 -19
108 251 -10
109 385 -1
109 623 -22
110 259 -15
110 476 56
112 122 -20
113 193 -25
113 341 28
114 363 -21
115 136 -1
115 301 -23
115 405 -10
116 365 8
117 281 -12
117 293 -23
117 406 -19
117 647 -9
118 190 2
118 206 -4
118 608 2
118 232 -4
119 418 4
119 425 -1
119 559 -10
119 429 77
120 173 3
120 243 5
120 626 -11
121 143 -13
121 242 -11
121 361 3
121 556 81
122 158 -10
122 215 -6
122 411 -16
122 346 39
123 176 -29
123 201 8
124 191 -12
124 280 -28
124 580 -7
124 609 -24
124 133 77
125 366 0
125 467 -26
127 180 -14
127 183 4
127 187 -3
127 484 -25
127 547 -26
127 323 55
128 542 3
128 577 -2
130 442 -14
130 575 5
130 583 -18
131 166 1
131 298 -22
132 240 -7
133 159 6
133 197 -11
133 589 -2
134 440 2
135 215 -8
136 286 4
137 210 -1
137 643 59
137 571 29
138 266 -18
138 331 6
139 167 -20
139 315 1
140 184 -20
140 214 -21
140 216 1
140 391 46
141 170 -29
141 278 50
144 493 -7
145 503 -29
146 397 -14
147 254 -16
148 149 -9
148 524 4
149 161 -19
150 185 2
152 154 -23
152 348 -6
153 474 -8
153 589 77
154 170 -8
154 222 1
154 261 -16
154 169 -12
154 532 20
155 156 -29
155 490 -18
156 204 1
156 289 16
157 291 -2
157 326 1
157 431 3
157 282 17
158 252 -13
158 349 -22
158 635 6
159 212 -8
160 507 -1
161 205 -8
161 390 40
161 311 23
162 321 -25
164 394 1
164 510 -27
165 546 -3
166 179 -22
166 453 -18
167 208 -17
168 269 -27
168 283 -5
169 224 -5
169 412 17
170 196 -12
170 251 51
171 178 3
171 342 -21
172 276 -6
173 314 -23
174 198 -17
174 319 -15
175 245 -9
175 255 -16
175 576 49
176 528 6
177 238 -25
177 340 -22
177 382 -25
179 303 -24
180 273 -21
180 318 56
181 389 -11
182 234 -24
182 257 -15
182 310 2
183 279 -1
183 432 -7
184 421 -7
186 337 2
186 436 -8
187 195 -5
187 435 -24
187 466 -19
187 402 -2
188 369 -14
188 300 56
189 344 -2
190 351 -3
190 652 -26
191 553 2
192 219 -24
192 640 -23
193 433 -21
193 596 1
195 227 6
195 576 -4
196 200 4
196 264 8
196 313 0
198 413 -18
200 207 -23
200 358 -29
200 505 -23
202 217 -12
204 426 -13
205 282 -13
206 233 1
206 371 -24
207 236 2
207 285 -8
207 416 -26
207 533 0
211 415 8
211 570 -10
211 586 -4
215 370 -13
216 379 -21
217 602 -8
217 495 34
217 268 -20
220 228 44
221 302 -10
221 472 -25
221 564 -7
221 371 72
222 592 -29
222 318 39
225 390 -23
225 666 -3
227 271 -3
227 634 -9
228 237 7
232 324 -5
234 250 -9
235 497 -24
235 665 -12
236 601 -1
237 356 4
238 316 -13
238 611 -10
239 381 -1
240 256 -9
240 335 -16
241 593 -10
243 263 0
243 265 3
243 270 5
243 426 22
244 374 -29
245 295 -7
245 665 -11
246 531 -17
247 339 -8
249 373 6
249 509 -29
249 637 -15
251 424 -1
255 521 4
255 560 2
255 574 -25
256 399 -22
257 299 -27
257 591 27
257 435 61
258 325 8
258 487 -29
258 616 -22
258 609 72
262 586 73
263 401 -15
265 501 -6
266 375 -20
267 466 26
269 391 7
270 362 -18
271 611 15
272 297 0
272 346 -1
272 669 -21
273 449 -1
273 561 -18
274 287 -26
274 311 -26
276 322 -29
276 462 6
276 516 73
277 317 -20
282 480 0
283 288 -20
284 290 7
284 304 3
284 410 -26
285 318 -8
285 594 8
285 328 -24
286 308 3
287 320 -14
288 451 -21
288 500 -2
289 296 -27
289 469 8
289 618 7
290 458 4
292 380 -4
292 427 -26
292 648 -13
292 569 -4
292 372 20
293 355 -2
293 441 0
294 408 -27
296 306 -18
297 392 -6
298 659 -6
298 660 -7
301 403 4
301 529 -23
302 409 -2
302 520 6
302 625 -22
304 343 -13
305 393 52
307 417 -26
308 656 -21
310 393 7
310 400 1
310 350 26
311 457 7
311 495 7
312 434 1
312 588 0
314 476 4
314 664 -21
316 386 -12
316 496 6
317 383 1
318 350 3
318 414 -14
318 665 78
319 642 -21
322 402 -11
323 613 -28
325 566 0
326 632 -4
327 374 12
329 485 -27
329 462 51
330 334 -12
331 452 -4
331 537 4
332 341 -4
332 523 -15
332 619 -25
335 352 -23
335 445 -1
336 456 -22
339 398 -19
339 518 -10
339 581 -18
340 554 5
340 512 -9
341 428 -29
341 454 -22
342 461 5
343 566 19
344 668 -5
344 498 83
346 670 -12
348 585 -4
348 405 87
351 622 29
352 404 -16
352 631 -17
353 522 -19
354 459 -11
354 558 -9
357 460 8
357 646 -26
359 487 57
359 405 11
361 395 -12
361 661 -5
362 486 -13
369 610 -15
370 429 20
371 557 8
373 504 -1
374 438 6
376 534 -27
377 407 -6
380 443 -5
380 562 1
380 452 -10
387 555 0
388 499 -11
388 636 3
388 480 21
389 419 -2
390 612 -7
390 649 -17
394 628 -28
397 463 10
397 596 38
399 607 89
402 422 -24
402 478 -20
403 597 31
407 463 -12
407 491 40
409 444 3
412 599 4
414 454 -20
424 477 4
425 541 -5
427 430 -19
427 561 -18
429 481 -21
430 439 -15
430 595 -6
430 632 13
436 607 -19
436 558 26
438 620 34
442 550 -4
443 651 -16
444 535 -13
445 579 6
449 513 -3
450 567 -27
450 619 -22
451 514 -29
451 538 -22
451 597 6
455 465 -12
455 536 -24
455 655 -28
458 502 7
465 643 -24
466 587 -2
466 657 7
468 539 -11
468 627 6
470 532 -6
472 475 -7
473 498 5
478 488 -4
478 517 0
480 543 8
480 584 25
482 634 -3
495 515 -22
497 557 60
502 597 0
507 667 -29
507 557 27
508 611 51
510 654 2
510 514 -25
511 563 3
511 639 3
512 549 -18
512 578 -11
516 569 -28
516 663 7
516 582 73
519 606 0
521 544 -26
521 572 3
524 638 -26
532 620 -1
533 666 -6
533 563 64
534 568 -9
535 614 1
539 565 -25
539 633 -16
541 552 6
543 630 0
548 556 0
548 590 -10
548 621 4
551 634 -19
554 605 -6
555 615 -8
571 600 1
573 636 0
576 641 -25
580 598 -27
582 643 42
586 591 6
586 645 -1
607 665 -24
912 924
1 2 0
1 5 -19
1 10 20
1 19 -28
1 49 9
1 221 2
1 324 4
1 339 -27
1 417 -13
1 460 -29
2 3 -16
2 556 7
2 669 9
3 4 -11
3 6 2
3 23 -10
3 26 12
3 32 -8
3 65 -27
3 182 20
3 217 -22
4 7 19
4 8 -26
4 16 -10
4 17 17
4 30 -13
4 200 -25
5 9 -21
5 33 8
5 59 18
5 342 8
5 427 12
5 754 16
6 11 7
6 13 8
6 18 2
6 24 -19
6 136 -16
7 51 -11
7 350 -25
7 909 -24
8 15 -20
8 45 -28
8 79 -16
8 222 15
8 545 -16
8 551 -20
9 12 5
9 60 -10
9 120 -17
9 208 19
9 371 -20
9 466 -20
9 632 21
10 21 23
10 52 5
10 248 -18
10 827 17
11 14 15
11 27 -18
11 343 -2
11 694 -12
12 31 -28
12 39 -2
12 112 -8
12 130 -13
13 25 12
13 367 18
13 663 -26
14 38 22
14 105 19
15 115 -18
15 180 23
15 683 11
16 20 -6
16 453 -3
17 88 24
17 132 -13
17 389 -13
17 461 5
17 820 -20
18 29 20
18 250 -11
18 314 -5
18 878 -3
19 22 15
19 42 -26
19 58 -13
19 184 11
19 328 -24
19 523 22
20 28 22
20 387 5
21 287 -15
22 61 7
22 82 15
22 192 3
23 37 -7
23 195 2
23 378 -19
23 757 -10
24 64 19
24 155 14
24 164 -17
25 34 -23
25 57 -12
25 107 8
25 472 9
26 35 -2
26 41 -20
26 84 14
26 94 -21
26 525 22
27 77 12
27 535 18
27 765 -13
28 69 -28
28 170 3
28 238 13
28 892 14
29 47 -15
29 53 -28
29 80 21
29 91 -3
29 176 -28
29 265 -1
29 396 -21
30 36 16
30 647 -17
30 664 3
30 763 -22
31 108 -24
31 111 19
31 262 -16
31 430 -21
32 40 11
32 70 -15
32 391 -6
32 782 20
33 113 23
33 133 -4
33 304 2
34 44 -19
34 241 -6
35 693 -25
36 63 3
36 90 7
36 157 8
36 320 19
37 67 15
37 186 22
37 237 14
38 43 14
38 71 -11
38 309 11
38 656 18
39 56 1
39 137 -8
39 171 16
39 292 -3
39 411 -6
39 445 15
40 50 -11
40 55 24
40 66 24
40 74 -18
40 86 7
41 48 -20
41 141 -19
41 301 7
42 93 1
42 117 -7
42 125 -28
43 54 19
43 78 1
43 169 -14
43 601 -23
43 616 20
44 72 -22
44 150 -21
44 202 5
45 46 -19
45 85 23
45 116 -17
46 106 -7
46 206 -19
46 500 -15
46 887 -6
47 244 19
47 332 -2
48 92 6
48 119 14
48 457 9
48 488 -16
49 96 21
49 128 -25
49 135 -6
49 165 -1
49 178 -23
49 319 7
49 353 14
49 794 -18
51 68 -6
51 110 3
52 62 15
53 153 21
53 645 -3
53 654 0
54 181 18
54 660 22
55 118 0
55 123 16
55 283 17
55 394 -8
55 442 16
55 487 2
56 83 -22
56 95 -29
56 351 19
56 620 -15
57 143 15
57 377 1
58 246 21
58 562 16
59 89 8
60 97 -21
60 100 -8
60 101 22
60 369 12
61 300 -8
61 740 3
62 257 22
62 567 -4
62 594 -19
63 73 -17
63 161 20
63 185 -25
64 444 -16
64 481 13
64 746 -2
65 140 -2
65 142 13
65 234 -23
66 138 -5
67 81 12
67 160 21
67 676 -21
67 779 23
68 385 6
68 436 -12
68 549 -3
68 884 0
68 547 59
69 598 -11
69 638 -24
69 791 23
70 76 -13
70 109 11
70 194 -16
70 218 5
71 247 -14
71 530 20
72 75 -5
72 707 -25
73 114 -7
73 167 13
73 326 -3
73 345 4
73 862 14
74 87 7
74 340 6
74 349 -27
74 372 -17
74 476 13
74 570 17
74 866 -16
76 254 -25
77 102 21
77 256 -19
77 709 10
79 163 3
79 239 -6
80 152 10
80 522 4
81 127 14
81 134 -17
81 452 18
81 845 2
81 853 -19
82 103 -21
82 646 -27
83 203 -13
84 139 0
84 151 -10
84 322 21
85 376 -17
85 685 -1
86 296 -12
86 302 3
86 418 14
87 129 20
87 513 4
87 516 10
87 808 -20
88 124 12
88 375 0
88 671 -25
89 149 4
89 211 14
90 98 6
90 204 -22
90 210 -13
90 313 18
91 99 -19
91 199 3
92 121 22
92 131 4
92 145 -4
92 338 -18
92 681 1
93 162 -14
93 188 7
94 126 -10
95 104 -23
95 214 -15
95 436 53
96 510 -22
96 793 -23
97 582 20
98 388 20
99 183 11
100 357 21
100 450 6
101 166 -28
101 370 18
101 380 10
101 381 10
101 511 -3
102 361 1
103 159 9
103 216 3
103 232 20
103 346 -29
103 528 -19
103 566 13
105 289 -12
105 330 -16
105 815 12
106 260 -5
106 847 -15
107 405 14
107 571 -20
108 190 23
109 429 11
109 548 -13
109 443 65
110 274 17
110 415 -8
110 431 2
110 713 20
111 122 8
111 173 -4
111 437 21
112 168 -12
112 226 -7
112 236 -27
112 533 -24
113 219 20
113 333 -5
115 308 -21
118 242 -12
119 154 -28
119 267 3
119 420 -8
119 425 7
119 739 -19
120 368 20
120 395 -3
121 708 -28
122 172 4
122 284 -21
122 325 -7
122 796 -16
123 144 16
123 156 -3
123 288 10
124 291 -13
125 215 -27
125 334 -27
125 347 -8
126 146 -4
126 278 -3
126 474 12
127 177 7
127 263 -8
127 534 9
130 228 14
130 631 -15
131 478 11
132 362 -10
132 384 2
133 147 23
133 148 17
133 223 -27
134 240 4
134 273 -13
134 294 -26
135 207 13
136 269 -27
137 174 21
137 390 -13
138 798 16
141 650 -27
141 733 -16
141 828 10
143 455 21
143 863 22
144 850 19
145 447 -13
146 197 -27
146 243 1
146 270 -10
147 189 20
148 191 20
149 158 -21
149 912 -6
149 377 73
151 266 8
151 751 -11
154 271 -14
154 486 8
155 198 -5
155 286 -8
156 441 18
157 352 -26
158 282 -14
159 477 -14
160 774 23
161 187 17
161 406 -15
162 335 -16
164 193 13
164 761 23
166 316 14
166 459 10
166 755 -5
167 354 13
167 741 1
168 175 -18
168 231 9
169 201 -10
169 423 -9
170 506 -9
171 303 0
171 365 -20
172 179 -16
172 249 -9
174 471 0
174 591 2
174 732 -27
174 860 -16
176 220 -1
176 644 -20
177 295 -20
177 634 -12
178 209 -15
179 849 -25
180 213 -9
180 475 -1
180 688 17
181 281 0
181 717 -19
182 252 23
182 336 1
182 873 1
183 305 -1
184 235 2
184 537 -15
185 508 -5
187 434 7
187 495 17
187 517 -27
187 852 -12
188 251 -8
188 813 -18
189 679 18
190 413 10
190 805 -15
191 592 -10
192 196 -17
192 280 17
193 359 14
194 410 3
195 619 -10
195 867 14
196 205 15
197 311 -22
197 383 -10
197 573 -25
197 618 22
197 771 -23
198 531 -21
200 245 12
200 258 -3
200 344 -5
200 613 14
200 824 -15
201 229 9
201 355 -20
201 742 -4
202 290 -10
204 212 -11
204 264 -10
204 464 -3
206 224 4
206 233 -10
206 596 7
207 446 16
207 540 17
208 546 -12
209 421 -24
209 811 -21
209 830 24
210 373 -6
210 695 18
211 298 -16
211 524 8
213 227 16
213 268 -28
214 716 -15
215 440 23
218 578 -29
219 636 6
221 225 17
221 261 -27
221 341 -2
221 412 24
221 547 4
222 230 -12
222 382 15
223 623 -12
224 277 -17
224 494 -4
224 787 -16
225 838 -15
226 358 -8
226 393 15
227 348 -4
228 366 15
230 379 12
230 398 -28
230 400 -9
230 404 19
230 814 1
231 293 4
232 810 -22
233 428 4
233 493 -8
233 719 0
235 253 7
235 911 2
236 321 15
236 612 8
237 272 -8
237 677 -10
238 312 2
239 588 21
239 682 20
242 579 15
243 538 10
244 310 -26
244 419 20
245 259 -7
245 767 16
246 606 -1
246 840 2
248 279 14
249 397 18
250 276 -25
251 255 -28
251 409 -2
254 555 11
255 557 -16
256 544 14
256 691 6
257 659 -8
258 640 -16
260 859 -18
260 865 6
261 714 -29
262 285 0
262 539 -20
263 275 -28
263 848 2
263 851 12
264 818 -6
266 323 4
266 337 -26
266 512 -11
267 701 5
269 297 1
269 665 17
270 329 -14
271 306 -1
271 699 9
271 509 -13
272 536 -2
273 581 -4
273 595 13
273 729 -20
274 610 10
274 823 -28
275 658 -20
278 299 -11
278 318 -5
278 364 -5
280 448 -25
282 327 13
282 575 19
282 605 -9
284 532 1
284 776 -7
285 360 -6
286 839 9
289 307 -6
289 856 -14
291 826 4
292 363 -17
293 702 -6
295 386 -14
295 519 14
295 726 7
296 479 12
296 502 -25
296 514 23
297 529 -10
299 426 -21
300 482 2
303 600 11
304 518 -18
305 552 22
308 617 -7
308 870 -29
309 315 20
309 484 22
311 317 -2
311 485 12
312 724 24
315 572 -10
316 626 6
317 580 -11
318 443 4
318 879 -5
319 403 10
319 501 0
321 399 -6
322 401 6
323 467 -13
323 568 -20
324 711 23
325 480 20
325 651 -8
326 331 9
326 559 -27
327 697 -16
330 561 0
333 555 -2
333 590 8
335 446 38
340 356 3
341 408 5
342 414 -10
342 558 -4
342 586 -17
342 653 -23
344 744 6
344 861 12
345 718 12
346 503 -27
346 667 -7
348 622 16
348 837 7
349 527 22
349 804 -9
351 458 -28
351 715 10
352 894 19
352 897 23
355 432 -28
355 515 18
355 812 3
357 721 -2
358 435 -6
359 858 -27
360 454 21
361 868 22
362 424 -17
363 449 -4
363 597 -17
363 704 -13
364 416 1
366 499 18
366 749 -8
368 374 4
368 710 9
372 392 17
373 790 -20
375 407 -28
375 781 18
376 720 -16
377 462 1
377 750 0
379 438 -3
379 470 17
380 491 -2
381 835 22
382 756 17
384 587 -8
385 661 -14
386 433 12
387 468 16
387 722 -21
391 463 11
394 483 -21
394 615 -23
395 584 19
397 422 -6
397 639 18
398 402 -11
398 625 -16
399 583 -17
399 603 -18
399 731 -17
399 841 -14
401 611 -22
402 778 -9
403 875 8
404 451 14
405 473 1
406 504 -8
409 703 5
411 730 -12
411 784 -4
420 609 20
420 690 4
420 734 -5
425 439 -7
425 509 -26
425 520 -25
425 759 -15
425 851 -9
426 627 -1
426 643 -14
428 526 -16
428 728 -3
429 469 -20
429 764 15
430 854 14
431 497 -19
431 706 -2
432 689 -12
432 876 -28
434 492 12
435 670 14
435 752 74
438 456 10
438 569 19
438 687 20
440 490 -19
440 880 13
441 465 -13
441 891 10
442 489 4
443 507 8
445 565 13
447 832 -21
449 604 -5
450 833 17
451 816 -8
453 834 8
455 608 -9
455 788 -19
457 498 17
461 505 16
464 642 9
467 553 3
468 705 6
470 550 -18
470 649 -23
471 648 -7
472 907 -29
473 698 21
475 521 24
475 577 -19
478 554 1
478 825 -22
479 576 -26
480 762 -16
481 727 -1
484 496 -26
484 819 -17
485 888 12
488 725 15
488 758 -14
492 686 -27
493 560 4
493 564 -24
493 696 18
494 692 11
497 903 54
498 541 -14
501 589 -5
501 637 7
502 635 18
503 628 21
503 662 -17
507 593 -7
508 831 -25
509 542 -22
509 792 8
509 843 2
510 675 19
515 563 -23
516 797 -28
517 585 -13
518 900 -22
525 657 -13
525 889 11
527 543 -1
527 768 0
529 780 -19
529 631 35
530 629 -11
534 899 4
545 881 -17
546 641 2
546 674 15
547 904 24
551 712 -7
554 700 20
555 857 -28
557 599 -10
561 684 16
561 789 -7
562 618 22
565 748 21
565 886 21
566 614 18
567 666 -22
568 602 16
569 777 4
571 574 17
571 769 9
571 890 -18
572 673 -22
574 655 20
575 786 13
576 877 -14
577 752 0
580 806 -5
582 723 -25
582 745 -1
582 869 24
583 630 24
584 874 -19
585 743 -25
587 802 24
588 829 12
591 607 20
591 753 -23
598 772 -22
598 902 -2
600 783 -26
603 809 1
604 624 -18
608 680 -1
612 652 -8
613 668 15
613 672 -9
615 895 -9
619 621 14
621 633 4
622 760 -26
624 898 22
631 735 -28
633 785 -3
634 882 -22
637 896 0
638 872 -22
641 844 -22
643 738 -23
650 737 15
662 770 -14
670 678 11
678 901 -18
683 766 3
689 775 16
697 822 -4
704 773 15
707 736 23
728 799 -13
730 836 -16
737 747 15
737 801 19
737 855 9
745 908 22
753 800 2
756 795 13
757 846 7
758 817 20
771 864 18
778 910 19
781 807 -15
783 803 3
805 821 -4
807 871 18
824 906 21
832 885 8
836 875 18
838 842 15
842 893 21
852 903 24
856 883 -26
904 905 -14
75 492
1 2 9
1 3 -16
1 5 12
1 41 37
1 54 42
1 18 87
1 50 31
1 51 56
2 6 -1
2 7 -22
2 22 10
2 33 64
2 42 -17
2 45 36
2 43 -15
2 25 -7
2 9 -11
2 11 42
2 23 21
2 47 83
2 51 -18
2 67 65
2 66 16
2 56 29
2 47 78
2 57 88
2 70 13
2 67 -20
3 4 12
3 10 59
3 11 12
3 20 -12
3 23 3
3 5 37
3 40 10
3 55 -29
3 11 33
3 39 -21
3 72 -19
3 30 45
3 64 73
3 21 16
3 51 76
4 28 11
4 46 48
4 63 -10
4 67 26
4 40 39
4 53 49
4 22 -28
5 16 43
5 40 48
5 51 -14
5 62 20
5 66 -9
5 70 71
5 19 56
5 72 0
5 58 80
5 34 11
5 37 88
5 46 32
5 40 -27
5 69 5
5 38 31
5 70 15
5 61 -6
6 9 -6
6 13 -28
6 14 -1
6 19 51
6 27 34
6 61 35
6 68 51
6 9 62
6 22 -17
6 59 68
6 46 8
6 18 89
6 19 -20
6 53 -27
6 74 32
6 17 8
7 8 62
7 21 -2
7 26 -6
7 75 -8
7 52 21
7 39 0
7 21 58
7 36 84
7 66 7
7 55 47
7 45 89
7 32 73
8 66 14
8 57 87
8 36 0
8 29 49
8 27 -3
8 32 31
8 74 12
8 27 84
8 16 26
8 35 53
8 20 27
8 16 -2
8 52 10
9 15 37
9 32 37
9 58 8
9 30 75
9 59 -6
9 35 81
9 26 29
9 70 30
9 58 1
9 51 88
9 45 85
9 71 33
10 12 -1
10 55 -10
10 53 40
10 18 29
10 18 -20
10 17 72
10 14 10
10 50 15
11 31 -3
11 63 43
11 52 -15
11 63 57
11 49 79
11 19 87
11 64 67
11 50 44
11 59 5
11 31 79
11 55 72
11 70 50
11 57 -23
11 31 45
11 20 80
12 29 59
12 56 63
12 57 -3
12 35 80
12 73 65
12 68 88
12 26 10
12 42 8
12 37 74
12 28 9
12 48 1
12 46 25
12 67 -20
12 35 36
12 33 70
12 36 -22
12 38 86
12 64 67
12 15 84
12 43 -16
13 52 41
13 38 26
13 57 -8
13 18 38
13 26 17
13 57 -10
13 68 17
13 18 -18
13 48 1
13 17 27
13 63 51
13 21 88
13 20 9
14 18 37
14 24 8
14 29 13
14 34 2
14 16 86
14 59 4
14 45 70
14 17 8
14 42 68
14 56 63
14 14 -12
14 16 27
14 53 67
14 31 31
15 17 36
15 39 25
15 50 62
15 25 80
15 69 -28
15 69 3
15 62 73
15 57 -12
15 30 45
15 35 49
15 55 6
15 63 -11
15 26 12
15 64 -20
15 72 79
15 73 65
15 68 7
16 25 64
16 30 28
16 36 44
16 46 59
16 40 56
16 68 84
16 32 86
16 59 18
16 52 76
16 53 41
16 72 68
17 38 -3
17 52 -4
17 43 7
17 24 89
17 67 -23
17 39 82
17 27 -8
18 43 -20
18 64 45
18 69 -4
18 71 -17
18 60 21
18 64 -3
18 20 -6
19 65 24
19 64 -18
19 74 -27
19 64 9
19 26 3
19 51 7
19 48 7
19 22 40
19 38 54
19 20 15
20 62 13
20 56 -8
20 32 62
20 23 49
20 37 8
20 31 10
20 24 38
20 22 10
20 22 17
20 48 8
21 48 32
21 71 -23
21 39 46
21 26 51
21 75 76
21 43 3
21 61 45
22 32 80
22 59 39
22 58 49
22 60 11
22 23 -10
22 37 30
23 59 46
23 46 -26
23 73 51
23 68 69
23 30 35
23 60 71
23 36 27
23 34 13
23 38 37
23 27 9
24 55 75
24 34 -28
24 26 -14
24 47 2
24 71 18
24 29 -11
24 38 20
24 70 -26
25 48 18
25 63 63
25 53 21
25 53 -4
25 74 72
25 57 24
25 74 74
25 61 82
25 48 37
25 26 -23
26 53 -14
26 33 46
26 52 -5
26 69 46
26 64 26
26 37 46
27 44 9
27 69 15
27 36 66
27 45 -7
27 29 -26
27 57 77
27 61 3
27 73 47
28 72 74
28 59 67
28 68 1
28 54 -6
28 46 16
28 51 67
28 67 21
28 75 57
28 30 33
29 29 1
29 38 -1
29 30 74
29 38 -14
29 54 47
30 57 3
30 37 -13
30 72 50
30 51 71
30 32 14
30 31 90
30 32 23
30 48 1
30 67 -18
30 74 39
31 55 47
31 45 55
31 42 12
31 42 -19
32 37 45
32 59 -17
32 57 64
32 73 -23
32 33 36
32 51 15
33 35 0
33 47 -25
33 49 -8
33 55 78
33 70 17
33 46 41
33 57 -19
33 72 78
33 58 10
33 51 1
34 69 70
34 55 32
34 50 72
34 53 73
35 48 -21
36 67 37
36 45 63
36 75 44
36 38 66
37 71 22
37 55 64
37 69 -1
37 64 25
37 46 -13
37 46 42
37 75 70
37 71 64
37 63 80
37 52 55
37 46 -8
38 53 57
38 63 16
38 58 -27
38 55 15
38 63 56
39 67 -27
39 56 42
39 67 -23
39 66 -3
39 59 -9
39 75 56
40 50 -24
40 41 26
40 59 39
40 71 -27
40 59 -12
40 62 39
41 48 -17
41 56 3
41 65 52
41 52 58
41 51 27
41 41 14
42 56 -24
42 60 -3
42 44 -21
42 75 -25
42 74 -13
42 53 -29
42 57 -6
42 54 59
43 51 -24
43 50 29
43 55 84
44 65 -6
44 70 27
44 51 19
44 74 74
44 66 -4
44 55 6
44 51 70
44 50 4
44 68 55
44 61 71
45 54 44
46 56 -17
47 47 76
47 63 88
47 75 7
48 54 -16
48 68 34
48 48 32
48 66 12
48 70 51
48 68 74
48 61 24
48 70 25
49 54 50
49 51 -6
49 56 -7
49 50 85
49 59 20
49 49 85
50 72 40
50 75 -3
50 65 69
50 54 -17
50 65 -22
50 63 6
50 52 17
50 61 27
50 57 65
51 65 45
51 70 -16
51 65 78
51 67 78
51 54 29
52 65 9
52 73 18
53 61 65
53 67 59
54 67 39
54 60 71
54 72 8
55 69 63
55 67 31
55 58 -27
55 64 83
55 58 7
56 74 42
56 61 46
56 59 6
56 74 -14
56 61 59
56 58 42
57 70 11
58 68 -16
58 71 85
59 73 11
60 70 89
60 72 6
60 66 56
61 74 43
61 74 79
61 72 53
62 69 39
64 70 89
64 67 55
64 74 0
65 70 -19
65 71 36
67 73 -10
67 69 71
68 75 29
69 75 38
69 70 10
69 71 63
70 73 -5
71 75 68
71 74 67
72 75 87
350 685
1 2 -1
1 3 1
1 6 0
1 26 0
1 32 -13
1 197 27
2 5 -26
2 7 -6
2 10 -8
2 35 -16
2 139 -7
2 147 -8
2 152 -15
2 211 -13
2 263 -25
2 349 -20
2 137 58
2 325 45
2 280 -24
3 4 -24
3 14 -1
3 15 -15
3 16 -17
3 25 -2
3 131 -1
3 241 -21
3 258 0
3 147 -8
3 175 0
3 282 37
5 9 -12
5 76 -18
5 221 -22
5 97 67
5 36 83
6 62 -3
6 73 -28
6 209 -18
6 224 -7
7 8 -5
7 17 -24
7 27 -9
7 31 -28
7 115 -25
7 332 -3
8 11 -10
8 13 -13
8 28 -12
8 92 -26
8 198 69
8 29 -19
9 12 -26
9 64 -7
9 99 0
9 153 -5
10 18 -29
10 37 -27
10 45 -11
10 48 2
10 71 -19
10 74 -25
10 78 -3
10 118 -20
10 182 -18
10 51 88
10 25 27
11 38 -29
11 40 -4
11 41 -1
11 47 -17
11 267 -18
11 268 50
11 246 24
11 61 6
11 37 41
12 19 -28
12 21 -5
12 29 -6
12 138 -22
12 102 43
12 151 32
13 322 19
13 67 68
13 296 -16
13 111 27
13 266 26
13 180 76
14 113 -2
15 30 -29
15 259 -3
15 293 -6
15 119 79
15 114 80
15 197 -13
15 326 57
15 301 -25
17 20 -21
17 54 -2
17 108 -15
17 178 -20
17 234 -6
17 190 14
18 23 -16
18 80 1
18 84 -12
18 261 -27
18 270 -14
18 302 -21
18 154 64
18 202 42
18 288 9
19 50 -10
19 32 70
19 238 57
19 223 66
20 22 1
20 44 -15
20 95 -15
20 127 -21
20 237 -26
20 46 -15
20 264 75
20 105 -15
21 24 -19
21 33 -23
21 272 1
21 30 72
22 60 -12
22 235 -8
22 186 30
22 180 28
23 100 -2
23 349 88
23 106 58
24 59 2
24 104 37
24 105 36
25 36 -22
25 87 -18
25 183 -19
25 347 82
25 53 78
26 46 -6
26 70 -8
26 168 -25
26 164 67
27 67 -12
27 199 -22
27 268 -19
29 43 -14
29 164 -24
29 46 0
29 89 50
29 244 58
29 235 77
29 231 -1
30 42 -18
30 49 -7
30 123 -17
30 249 -24
30 311 -18
30 223 55
31 34 -28
31 287 21
31 338 20
31 277 81
31 271 79
32 53 1
32 61 -19
32 255 -9
32 282 58
32 226 59
33 55 -18
33 217 -19
33 268 50
33 297 43
33 261 -23
33 208 8
34 56 -6
34 77 -7
34 98 -17
34 110 -16
34 112 -10
34 174 1
34 269 -28
34 132 21
35 39 -11
35 160 -13
35 171 -25
36 88 -3
36 94 -12
36 125 -23
36 82 90
36 208 15
36 246 -16
37 228 -18
38 57 -24
38 197 -4
38 321 16
38 59 2
39 97 -3
39 132 0
39 196 -18
39 288 -11
39 342 -10
39 294 29
39 131 8
40 85 -3
40 192 -10
41 107 -17
41 176 -25
41 257 -25
41 106 -24
41 79 34
42 93 -6
42 163 -3
42 129 -13
43 63 -25
43 284 -4
43 109 78
43 66 50
43 267 0
43 240 58
43 225 79
44 146 -21
44 294 -11
44 311 -11
45 130 -26
45 289 83
46 58 -11
46 68 -24
47 51 -18
47 52 -1
47 65 -5
47 135 0
47 181 -15
47 195 -29
47 235 3
47 139 1
47 196 12
48 208 -10
48 178 33
48 125 -5
48 335 21
48 236 48
49 154 -9
49 337 28
50 105 -19
50 238 -15
51 141 -11
51 321 -2
51 328 1
51 122 8
52 158 -5
52 265 -22
52 242 11
52 63 38
53 66 2
53 106 -1
53 166 -12
53 187 2
53 328 31
53 125 58
53 117 90
53 272 25
54 253 -8
54 286 21
55 72 -26
55 142 -6
55 193 -10
55 323 3
56 162 -14
56 191 -15
56 134 72
57 161 -8
57 290 -15
57 264 58
58 69 -20
58 75 -29
59 234 83
61 116 -17
61 117 -15
61 319 -24
61 329 -10
62 129 0
62 155 2
63 278 24
63 66 7
63 267 27
64 282 -23
64 81 22
65 279 -28
65 165 83
65 117 21
65 310 69
65 84 9
66 140 -13
66 318 2
66 325 2
66 334 -3
66 149 67
66 138 -4
67 89 -28
67 122 -20
67 144 -12
67 169 -21
67 170 -7
67 77 8
68 240 -29
69 83 -27
69 102 -12
69 201 -5
69 148 73
69 210 38
71 150 -27
72 344 60
73 128 -27
73 278 27
73 296 -29
73 260 55
73 343 76
74 333 10
75 79 -1
75 114 -16
75 221 -4
75 246 47
75 242 -4
76 81 -3
76 156 -9
76 321 8
77 86 -19
77 288 -23
78 243 -27
79 82 -15
79 121 -6
79 205 -7
80 103 -13
80 115 -1
81 96 -7
81 180 -2
81 259 13
81 176 -27
81 300 23
81 346 47
82 178 6
82 235 -21
82 233 3
83 149 -23
83 157 -6
83 200 -17
83 175 32
84 244 -10
84 116 -17
86 91 -25
86 309 2
86 291 55
86 125 86
86 237 -21
86 338 72
87 90 -1
87 172 0
87 304 1
87 226 -17
87 104 64
88 111 -10
88 220 -14
88 283 45
89 293 76
89 160 72
89 202 81
89 152 -26
89 314 47
90 160 52
91 101 -5
91 141 72
92 186 -5
92 336 59
92 214 -12
92 190 76
93 113 15
93 157 45
93 238 -2
93 264 84
93 152 27
94 104 -5
95 126 -8
96 109 -29
96 134 -20
96 333 26
97 198 -10
97 242 13
98 184 2
98 324 -27
98 131 64
99 137 -16
99 194 -17
100 159 -29
100 287 -8
100 227 -2
101 120 -24
101 214 -6
101 222 -27
101 298 -25
101 136 19
101 282 68
102 343 -25
102 343 -25
102 339 44
103 133 -5
103 145 2
103 188 -21
104 148 -24
104 198 5
104 331 -12
104 282 67
104 221 83
105 216 71
105 235 11
105 151 67
105 293 -13
105 307 75
105 262 42
106 207 -21
106 248 18
107 119 -11
107 213 -1
107 222 76
107 133 6
108 157 66
110 326 5
111 227 -18
111 183 -27
112 308 59
113 124 -22
113 133 30
113 251 42
113 298 -14
114 233 -27
115 323 -20
115 194 7
116 203 -22
116 313 0
117 328 4
118 242 -18
118 295 -15
118 342 69
118 260 -4
118 305 84
119 136 -28
119 280 -21
119 299 50
120 167 63
121 321 -15
121 201 21
122 231 -24
122 286 23
123 173 2
123 341 -24
123 290 -2
123 176 77
124 337 -4
124 237 22
124 232 68
126 167 -4
126 319 68
126 298 20
127 189 1
128 337 36
128 314 71
128 144 13
129 236 1
129 300 -2
129 308 1
129 188 87
130 179 -11
130 223 -8
131 177 -29
131 225 -17
131 196 32
132 318 12
132 264 9
132 298 24
132 271 21
132 172 82
133 291 -20
134 151 -29
134 185 22
135 165 -19
135 246 -21
135 333 -15
135 228 59
137 248 -5
137 185 59
138 143 2
138 175 -6
138 307 -29
138 316 -1
139 254 2
139 303 -20
139 275 10
140 316 -27
140 331 -7
140 155 48
140 248 43
141 322 -28
141 208 33
143 320 -28
143 251 1
143 308 48
144 346 -28
144 259 42
144 317 11
145 295 4
146 350 -25
147 266 -29
149 230 -27
149 253 26
150 228 2
150 195 43
152 304 -21
153 332 51
154 232 -23
154 296 -24
155 318 -2
156 339 -14
156 333 50
157 175 -5
157 208 83
158 190 -13
158 206 86
159 245 -9
159 204 10
162 185 -12
162 295 19
162 282 73
163 260 -24
163 211 -10
165 338 39
165 209 77
166 318 16
166 204 -20
167 204 -28
168 210 1
169 192 24
170 239 -19
171 223 33
172 272 -3
172 184 38
173 202 -12
173 219 -2
173 192 -9
173 239 -22
173 337 -15
174 216 -27
174 330 -29
174 259 25
175 206 -1
175 226 -21
175 284 76
175 350 5
180 274 -14
181 199 46
181 194 2
183 275 -12
183 332 -11
185 317 -5
185 266 -19
185 191 -1
186 211 8
188 303 -7
188 290 25
189 308 2
189 258 18
190 290 20
190 216 -18
191 291 -1
191 323 -15
191 259 88
191 311 -23
192 348 90
192 208 73
193 329 82
196 215 -29
196 250 -20
196 342 -15
197 277 -12
197 287 14
197 339 -2
197 312 53
200 325 -13
201 281 -2
202 249 1
202 340 -8
202 262 54
203 247 43
204 250 15
204 257 13
205 320 35
206 212 0
207 241 -8
207 257 89
209 218 -16
211 229 -2
211 281 21
211 236 59
212 272 -5
212 277 -19
213 321 -12
213 308 43
214 273 -5
214 315 -9
215 314 -5
215 288 -26
216 307 -23
218 247 -14
219 310 -2
219 321 39
220 270 63
221 252 83
223 292 -15
223 293 26
224 344 -7
227 253 64
227 322 79
229 319 49
230 289 -8
230 239 64
231 311 0
231 306 6
232 276 -7
233 278 -14
234 251 -12
236 285 -16
237 240 52
237 338 15
238 299 -29
238 335 -12
239 262 -21
239 302 -18
239 313 29
240 251 85
241 256 -11
242 299 -3
243 319 22
243 306 7
245 252 -9
245 336 -23
245 293 15
245 307 -8
246 322 -1
247 271 -3
248 249 86
249 276 29
252 327 -17
254 264 -3
256 258 21
256 260 25
257 326 -27
260 286 -2
263 306 -18
263 299 43
266 293 -23
269 274 20
274 281 75
278 303 44
279 314 34
280 305 -29
282 283 -1
283 312 -17
283 315 33
286 325 -19
288 348 -7
290 324 13
293 301 -20
294 297 -3
295 303 73
300 338 -13
305 316 -27
311 322 76
313 327 43
316 323 17
317 345 -7
325 332 -4
330 339 9
337 347 2
